0	1.523E-7
-0.001	3.279E-8
-0.002	-2.965E-8
-0.003	-6.951E-8
-0.004	-1.066E-7
-0.005	-1.327E-7
-0.006	-1.639E-7
-0.007	-1.848E-7
-0.008	-2.104E-7
-0.009	-2.302E-7
-0.01	-2.537E-7
-0.011	-2.71E-7
-0.012	-2.934E-7
-0.013	-3.114E-7
-0.014	-3.311E-7
-0.015	-3.469E-7
-0.016	-3.674E-7
-0.017	-3.815E-7
-0.018	-3.969E-7
-0.019	-4.13E-7
-0.02	-4.293E-7
-0.021	-4.397E-7
-0.022	-4.563E-7
-0.023	-4.678E-7
-0.024	-4.835E-7
-0.025	-4.945E-7
-0.026	-5.118E-7
-0.027	-5.228E-7
-0.028	-5.4E-7
-0.029	-5.509E-7
-0.03	-5.678E-7
-0.031	-5.771E-7
-0.032	-5.943E-7
-0.033	-6.042E-7
-0.034	-6.181E-7
-0.035	-6.277E-7
-0.036	-6.419E-7
-0.037	-6.486E-7
-0.038	-6.635E-7
-0.039	-6.716E-7
-0.04	-6.835E-7
-0.041	-6.907E-7
-0.042	-7.028E-7
-0.043	-7.112E-7
-0.044	-7.223E-7
-0.045	-7.294E-7
-0.046	-7.433E-7
-0.047	-7.49E-7
-0.048	-7.622E-7
-0.049	-7.685E-7
-0.05	-7.791E-7
-0.051	-7.878E-7
-0.052	-8.002E-7
-0.053	-8.054E-7
-0.054	-8.174E-7
-0.055	-8.247E-7
-0.056	-8.363E-7
-0.057	-8.437E-7
-0.058	-8.548E-7
-0.059	-8.591E-7
-0.06	-8.708E-7
-0.061	-8.756E-7
-0.062	-8.863E-7
-0.063	-8.93E-7
-0.064	-9.031E-7
-0.065	-9.096E-7
-0.066	-9.186E-7
-0.067	-9.245E-7
-0.068	-9.333E-7
-0.069	-9.38E-7
-0.07	-9.493E-7
-0.071	-9.544E-7
-0.072	-9.623E-7
-0.073	-9.686E-7
-0.074	-9.776E-7
-0.075	-9.829E-7
-0.076	-9.918E-7
-0.077	-9.979E-7
-0.078	-1.008E-6
-0.079	-1.012E-6
-0.08	-1.021E-6
-0.081	-1.027E-6
-0.082	-1.035E-6
-0.083	-1.04E-6
-0.084	-1.05E-6
-0.085	-1.056E-6
-0.086	-1.064E-6
-0.087	-1.069E-6
-0.088	-1.077E-6
-0.089	-1.082E-6
-0.09	-1.092E-6
-0.091	-1.096E-6
-0.092	-1.106E-6
-0.093	-1.111E-6
-0.094	-1.119E-6
-0.095	-1.124E-6
-0.096	-1.132E-6
-0.097	-1.136E-6
-0.098	-1.143E-6
-0.099	-1.15E-6
-0.1	-1.158E-6
-0.101	-1.16E-6
-0.102	-1.171E-6
-0.103	-1.175E-6
-0.104	-1.184E-6
-0.105	-1.187E-6
-0.106	-1.197E-6
-0.107	-1.199E-6
-0.108	-1.209E-6
-0.109	-1.213E-6
-0.11	-1.222E-6
-0.111	-1.225E-6
-0.112	-1.233E-6
-0.113	-1.237E-6
-0.114	-1.246E-6
-0.115	-1.251E-6
-0.116	-1.26E-6
-0.117	-1.261E-6
-0.118	-1.27E-6
-0.119	-1.274E-6
-0.12	-1.282E-6
-0.121	-1.285E-6
-0.122	-1.295E-6
-0.123	-1.298E-6
-0.124	-1.306E-6
-0.125	-1.311E-6
-0.126	-1.32E-6
-0.127	-1.323E-6
-0.128	-1.333E-6
-0.129	-1.336E-6
-0.13	-1.343E-6
-0.131	-1.348E-6
-0.132	-1.357E-6
-0.133	-1.358E-6
-0.134	-1.367E-6
-0.135	-1.371E-6
-0.136	-1.379E-6
-0.137	-1.382E-6
-0.138	-1.391E-6
-0.139	-1.394E-6
-0.14	-1.403E-6
-0.141	-1.407E-6
-0.142	-1.415E-6
-0.143	-1.419E-6
-0.144	-1.427E-6
-0.145	-1.43E-6
-0.146	-1.438E-6
-0.147	-1.441E-6
-0.148	-1.451E-6
-0.149	-1.454E-6
-0.15	-1.461E-6
-0.151	-1.466E-6
-0.152	-1.473E-6
-0.153	-1.479E-6
-0.154	-1.487E-6
-0.155	-1.491E-6
-0.156	-1.499E-6
-0.157	-1.501E-6
-0.158	-1.509E-6
-0.159	-1.513E-6
-0.16	-1.522E-6
-0.161	-1.525E-6
-0.162	-1.531E-6
-0.163	-1.534E-6
-0.164	-1.543E-6
-0.165	-1.545E-6
-0.166	-1.554E-6
-0.167	-1.558E-6
-0.168	-1.566E-6
-0.169	-1.569E-6
-0.17	-1.577E-6
-0.171	-1.581E-6
-0.172	-1.589E-6
-0.173	-1.594E-6
-0.174	-1.601E-6
-0.175	-1.605E-6
-0.176	-1.614E-6
-0.177	-1.617E-6
-0.178	-1.623E-6
-0.179	-1.628E-6
-0.18	-1.636E-6
-0.181	-1.639E-6
-0.182	-1.647E-6
-0.183	-1.651E-6
-0.184	-1.658E-6
-0.185	-1.662E-6
-0.186	-1.67E-6
-0.187	-1.672E-6
-0.188	-1.682E-6
-0.189	-1.683E-6
-0.19	-1.691E-6
-0.191	-1.694E-6
-0.192	-1.704E-6
-0.193	-1.706E-6
-0.194	-1.714E-6
-0.195	-1.716E-6
-0.196	-1.725E-6
-0.197	-1.727E-6
-0.198	-1.736E-6
-0.199	-1.739E-6
-0.2	-1.747E-6
-0.201	-1.75E-6
-0.202	-1.758E-6
-0.203	-1.759E-6
-0.204	-1.768E-6
-0.205	-1.775E-6
-0.206	-1.782E-6
-0.207	-1.784E-6
-0.208	-1.792E-6
-0.209	-1.795E-6
-0.21	-1.801E-6
-0.211	-1.806E-6
-0.212	-1.814E-6
-0.213	-1.816E-6
-0.214	-1.824E-6
-0.215	-1.828E-6
-0.216	-1.834E-6
-0.217	-1.839E-6
-0.218	-1.847E-6
-0.219	-1.85E-6
-0.22	-1.858E-6
-0.221	-1.86E-6
-0.222	-1.869E-6
-0.223	-1.87E-6
-0.224	-1.88E-6
-0.225	-1.883E-6
-0.226	-1.89E-6
-0.227	-1.894E-6
-0.228	-1.901E-6
-0.229	-1.904E-6
-0.23	-1.914E-6
-0.231	-1.917E-6
-0.232	-1.924E-6
-0.233	-1.926E-6
-0.234	-1.935E-6
-0.235	-1.937E-6
-0.236	-1.945E-6
-0.237	-1.949E-6
-0.238	-1.957E-6
-0.239	-1.959E-6
-0.24	-1.967E-6
-0.241	-1.969E-6
-0.242	-1.976E-6
-0.243	-1.981E-6
-0.244	-1.99E-6
-0.245	-1.992E-6
-0.246	-2.002E-6
-0.247	-2.004E-6
-0.248	-2.011E-6
-0.249	-2.016E-6
-0.25	-2.024E-6
-0.251	-2.027E-6
-0.252	-2.035E-6
-0.253	-2.038E-6
-0.254	-2.048E-6
-0.255	-2.05E-6
-0.256	-2.059E-6
-0.257	-2.063E-6
-0.258	-2.071E-6
-0.259	-2.075E-6
-0.26	-2.083E-6
-0.261	-2.085E-6
-0.262	-2.094E-6
-0.263	-2.097E-6
-0.264	-2.105E-6
-0.265	-2.109E-6
-0.266	-2.116E-6
-0.267	-2.12E-6
-0.268	-2.129E-6
-0.269	-2.133E-6
-0.27	-2.141E-6
-0.271	-2.145E-6
-0.272	-2.153E-6
-0.273	-2.157E-6
-0.274	-2.163E-6
-0.275	-2.168E-6
-0.276	-2.177E-6
-0.277	-2.18E-6
-0.278	-2.188E-6
-0.279	-2.193E-6
-0.28	-2.201E-6
-0.281	-2.205E-6
-0.282	-2.215E-6
-0.283	-2.218E-6
-0.284	-2.228E-6
-0.285	-2.23E-6
-0.286	-2.24E-6
-0.287	-2.244E-6
-0.288	-2.254E-6
-0.289	-2.258E-6
-0.29	-2.266E-6
-0.291	-2.271E-6
-0.292	-2.281E-6
-0.293	-2.282E-6
-0.294	-2.293E-6
-0.295	-2.297E-6
-0.296	-2.306E-6
-0.297	-2.311E-6
-0.298	-2.32E-6
-0.299	-2.324E-6
-0.3	-2.334E-6
-0.301	-2.338E-6
-0.302	-2.347E-6
-0.303	-2.351E-6
-0.304	-2.359E-6
-0.305	-2.364E-6
-0.306	-2.373E-6
-0.307	-2.378E-6
-0.308	-2.387E-6
-0.309	-2.391E-6
-0.31	-2.4E-6
-0.311	-2.403E-6
-0.312	-2.413E-6
-0.313	-2.417E-6
-0.314	-2.426E-6
-0.315	-2.43E-6
-0.316	-2.44E-6
-0.317	-2.444E-6
-0.318	-2.454E-6
-0.319	-2.458E-6
-0.32	-2.468E-6
-0.321	-2.475E-6
-0.322	-2.484E-6
-0.323	-2.488E-6
-0.324	-2.5E-6
-0.325	-2.503E-6
-0.326	-2.514E-6
-0.327	-2.52E-6
-0.328	-2.529E-6
-0.329	-2.535E-6
-0.33	-2.544E-6
-0.331	-2.549E-6
-0.332	-2.56E-6
-0.333	-2.566E-6
-0.334	-2.577E-6
-0.335	-2.581E-6
-0.336	-2.592E-6
-0.337	-2.598E-6
-0.338	-2.607E-6
-0.339	-2.614E-6
-0.34	-2.624E-6
-0.341	-2.628E-6
-0.342	-2.64E-6
-0.343	-2.646E-6
-0.344	-2.655E-6
-0.345	-2.663E-6
-0.346	-2.673E-6
-0.347	-2.681E-6
-0.348	-2.693E-6
-0.349	-2.698E-6
-0.35	-2.709E-6
-0.351	-2.715E-6
-0.352	-2.727E-6
-0.353	-2.733E-6
-0.354	-2.746E-6
-0.355	-2.753E-6
-0.356	-2.764E-6
-0.357	-2.771E-6
-0.358	-2.784E-6
-0.359	-2.792E-6
-0.36	-2.803E-6
-0.361	-2.811E-6
-0.362	-2.823E-6
-0.363	-2.83E-6
-0.364	-2.844E-6
-0.365	-2.849E-6
-0.366	-2.862E-6
-0.367	-2.869E-6
-0.368	-2.882E-6
-0.369	-2.889E-6
-0.37	-2.9E-6
-0.371	-2.909E-6
-0.372	-2.922E-6
-0.373	-2.928E-6
-0.374	-2.942E-6
-0.375	-2.95E-6
-0.376	-2.963E-6
-0.377	-2.972E-6
-0.378	-2.987E-6
-0.379	-2.994E-6
-0.38	-3.009E-6
-0.381	-3.017E-6
-0.382	-3.03E-6
-0.383	-3.038E-6
-0.384	-3.053E-6
-0.385	-3.063E-6
-0.386	-3.075E-6
-0.387	-3.086E-6
-0.388	-3.099E-6
-0.389	-3.107E-6
-0.39	-3.123E-6
-0.391	-3.132E-6
-0.392	-3.146E-6
-0.393	-3.157E-6
-0.394	-3.169E-6
-0.395	-3.18E-6
-0.396	-3.195E-6
-0.397	-3.205E-6
-0.398	-3.219E-6
-0.399	-3.23E-6
-0.4	-3.246E-6
-0.401	-3.257E-6
-0.402	-3.271E-6
-0.403	-3.283E-6
-0.404	-3.299E-6
-0.405	-3.309E-6
-0.406	-3.326E-6
-0.407	-3.336E-6
-0.408	-3.352E-6
-0.409	-3.364E-6
-0.41	-3.384E-6
-0.411	-3.394E-6
-0.412	-3.41E-6
-0.413	-3.421E-6
-0.414	-3.438E-6
-0.415	-3.45E-6
-0.416	-3.469E-6
-0.417	-3.48E-6
-0.418	-3.496E-6
-0.419	-3.508E-6
-0.42	-3.526E-6
-0.421	-3.54E-6
-0.422	-3.559E-6
-0.423	-3.572E-6
-0.424	-3.589E-6
-0.425	-3.603E-6
-0.426	-3.62E-6
-0.427	-3.633E-6
-0.428	-3.651E-6
-0.429	-3.665E-6
-0.43	-3.684E-6
-0.431	-3.697E-6
-0.432	-3.716E-6
-0.433	-3.731E-6
-0.434	-3.747E-6
-0.435	-3.764E-6
-0.436	-3.783E-6
-0.437	-3.797E-6
-0.438	-3.818E-6
-0.439	-3.833E-6
-0.44	-3.854E-6
-0.441	-3.871E-6
-0.442	-3.89E-6
-0.443	-3.904E-6
-0.444	-3.925E-6
-0.445	-3.94E-6
-0.446	-3.963E-6
-0.447	-3.978E-6
-0.448	-4E-6
-0.449	-4.018E-6
-0.45	-4.039E-6
-0.451	-4.056E-6
-0.452	-4.077E-6
-0.453	-4.094E-6
-0.454	-4.117E-6
-0.455	-4.134E-6
-0.456	-4.157E-6
-0.457	-4.176E-6
-0.458	-4.199E-6
-0.459	-4.217E-6
-0.46	-4.242E-6
-0.461	-4.262E-6
-0.462	-4.285E-6
-0.463	-4.303E-6
-0.464	-4.327E-6
-0.465	-4.346E-6
-0.466	-4.369E-6
-0.467	-4.389E-6
-0.468	-4.416E-6
-0.469	-4.434E-6
-0.47	-4.46E-6
-0.471	-4.48E-6
-0.472	-4.504E-6
-0.473	-4.523E-6
-0.474	-4.549E-6
-0.475	-4.569E-6
-0.476	-4.595E-6
-0.477	-4.615E-6
-0.478	-4.642E-6
-0.479	-4.664E-6
-0.48	-4.692E-6
-0.481	-4.715E-6
-0.482	-4.742E-6
-0.483	-4.766E-6
-0.484	-4.794E-6
-0.485	-4.816E-6
-0.486	-4.845E-6
-0.487	-4.868E-6
-0.488	-4.895E-6
-0.489	-4.92E-6
-0.49	-4.95E-6
-0.491	-4.973E-6
-0.492	-5.003E-6
-0.493	-5.027E-6
-0.494	-5.057E-6
-0.495	-5.079E-6
-0.496	-5.107E-6
-0.497	-5.131E-6
-0.498	-5.16E-6
-0.499	-5.187E-6
-0.5	-5.217E-6
-0.501	-5.242E-6
-0.502	-5.271E-6
-0.503	-5.298E-6
-0.504	-5.327E-6
-0.505	-5.353E-6
-0.506	-5.386E-6
-0.507	-5.411E-6
-0.508	-5.443E-6
-0.509	-5.468E-6
-0.51	-5.501E-6
-0.511	-5.528E-6
-0.512	-5.561E-6
-0.513	-5.587E-6
-0.514	-5.619E-6
-0.515	-5.645E-6
-0.516	-5.677E-6
-0.517	-5.701E-6
-0.518	-5.736E-6
-0.519	-5.763E-6
-0.52	-5.795E-6
-0.521	-5.823E-6
-0.522	-5.854E-6
-0.523	-5.882E-6
-0.524	-5.915E-6
-0.525	-5.942E-6
-0.526	-5.975E-6
-0.527	-6.002E-6
-0.528	-6.036E-6
-0.529	-6.063E-6
-0.53	-6.094E-6
-0.531	-6.123E-6
-0.532	-6.158E-6
-0.533	-6.184E-6
-0.534	-6.217E-6
-0.535	-6.243E-6
-0.536	-6.274E-6
-0.537	-6.301E-6
-0.538	-6.334E-6
-0.539	-6.362E-6
-0.54	-6.394E-6
-0.541	-6.42E-6
-0.542	-6.453E-6
-0.543	-6.478E-6
-0.544	-6.508E-6
-0.545	-6.535E-6
-0.546	-6.566E-6
-0.547	-6.592E-6
-0.548	-6.624E-6
-0.549	-6.649E-6
-0.55	-6.682E-6
-0.551	-6.709E-6
-0.552	-6.74E-6
-0.553	-6.766E-6
-0.554	-6.797E-6
-0.555	-6.821E-6
-0.556	-6.853E-6
-0.557	-6.878E-6
-0.558	-6.91E-6
-0.559	-6.934E-6
-0.56	-6.964E-6
-0.561	-6.988E-6
-0.562	-7.016E-6
-0.563	-7.041E-6
-0.564	-7.072E-6
-0.565	-7.094E-6
-0.566	-7.122E-6
-0.567	-7.146E-6
-0.568	-7.174E-6
-0.569	-7.197E-6
-0.57	-7.224E-6
-0.571	-7.248E-6
-0.572	-7.275E-6
-0.573	-7.296E-6
-0.574	-7.322E-6
-0.575	-7.34E-6
-0.576	-7.368E-6
-0.577	-7.39E-6
-0.578	-7.415E-6
-0.579	-7.435E-6
-0.58	-7.461E-6
-0.581	-7.479E-6
-0.582	-7.504E-6
-0.583	-7.523E-6
-0.584	-7.547E-6
-0.585	-7.565E-6
-0.586	-7.586E-6
-0.587	-7.603E-6
-0.588	-7.623E-6
-0.589	-7.64E-6
-0.59	-7.661E-6
-0.591	-7.678E-6
-0.592	-7.7E-6
-0.593	-7.715E-6
-0.594	-7.734E-6
-0.595	-7.75E-6
-0.596	-7.771E-6
-0.597	-7.785E-6
-0.598	-7.802E-6
-0.599	-7.814E-6
-0.6	-7.834E-6
-0.601	-7.846E-6
-0.602	-7.863E-6
-0.603	-7.874E-6
-0.604	-7.892E-6
-0.605	-7.902E-6
-0.606	-7.918E-6
-0.607	-7.927E-6
-0.608	-7.945E-6
-0.609	-7.954E-6
-0.61	-7.968E-6
-0.611	-7.977E-6
-0.612	-7.991E-6
-0.613	-7.999E-6
-0.614	-8.015E-6
-0.615	-8.024E-6
-0.616	-8.034E-6
-0.617	-8.041E-6
-0.618	-8.053E-6
-0.619	-8.058E-6
-0.62	-8.072E-6
-0.621	-8.077E-6
-0.622	-8.087E-6
-0.623	-8.091E-6
-0.624	-8.101E-6
-0.625	-8.107E-6
-0.626	-8.115E-6
-0.627	-8.12E-6
-0.628	-8.129E-6
-0.629	-8.133E-6
-0.63	-8.141E-6
-0.631	-8.144E-6
-0.632	-8.15E-6
-0.633	-8.154E-6
-0.634	-8.161E-6
-0.635	-8.162E-6
-0.636	-8.169E-6
-0.637	-8.172E-6
-0.638	-8.178E-6
-0.639	-8.178E-6
-0.64	-8.185E-6
-0.641	-8.185E-6
-0.642	-8.19E-6
-0.643	-8.191E-6
-0.644	-8.195E-6
-0.645	-8.195E-6
-0.646	-8.2E-6
-0.647	-8.199E-6
-0.648	-8.203E-6
-0.649	-8.201E-6
-0.65	-8.204E-6
-0.651	-8.204E-6
-0.652	-8.208E-6
-0.653	-8.207E-6
-0.654	-8.211E-6
-0.655	-8.207E-6
-0.656	-8.212E-6
-0.657	-8.208E-6
-0.658	-8.211E-6
-0.659	-8.209E-6
-0.66	-8.212E-6
-0.661	-8.208E-6
-0.662	-8.21E-6
-0.663	-8.209E-6
-0.664	-8.21E-6
-0.665	-8.208E-6
-0.666	-8.211E-6
-0.667	-8.207E-6
-0.668	-8.21E-6
-0.669	-8.205E-6
-0.67	-8.207E-6
-0.671	-8.204E-6
-0.672	-8.208E-6
-0.673	-8.203E-6
-0.674	-8.202E-6
-0.675	-8.199E-6
-0.676	-8.201E-6
-0.677	-8.197E-6
-0.678	-8.199E-6
-0.679	-8.194E-6
-0.68	-8.196E-6
-0.681	-8.191E-6
-0.682	-8.192E-6
-0.683	-8.189E-6
-0.684	-8.19E-6
-0.685	-8.186E-6
-0.686	-8.187E-6
-0.687	-8.182E-6
-0.688	-8.182E-6
-0.689	-8.18E-6
-0.69	-8.18E-6
-0.691	-8.178E-6
-0.692	-8.178E-6
-0.693	-8.172E-6
-0.694	-8.174E-6
-0.695	-8.17E-6
-0.696	-8.172E-6
-0.697	-8.168E-6
-0.698	-8.169E-6
-0.699	-8.165E-6
-0.7	-8.166E-6
-0.701	-8.161E-6
-0.702	-8.16E-6
-0.703	-8.157E-6
-0.704	-8.159E-6
-0.705	-8.156E-6
-0.706	-8.156E-6
-0.707	-8.153E-6
-0.708	-8.154E-6
-0.709	-8.15E-6
-0.71	-8.152E-6
-0.711	-8.149E-6
-0.712	-8.15E-6
-0.713	-8.145E-6
-0.714	-8.148E-6
-0.715	-8.143E-6
-0.716	-8.145E-6
-0.717	-8.143E-6
-0.718	-8.144E-6
-0.719	-8.141E-6
-0.72	-8.141E-6
-0.721	-8.14E-6
-0.722	-8.14E-6
-0.723	-8.137E-6
-0.724	-8.141E-6
-0.725	-8.137E-6
-0.726	-8.139E-6
-0.727	-8.136E-6
-0.728	-8.139E-6
-0.729	-8.136E-6
-0.73	-8.139E-6
-0.731	-8.137E-6
-0.732	-8.139E-6
-0.733	-8.136E-6
-0.734	-8.139E-6
-0.735	-8.136E-6
-0.736	-8.14E-6
-0.737	-8.136E-6
-0.738	-8.14E-6
-0.739	-8.138E-6
-0.74	-8.141E-6
-0.741	-8.137E-6
-0.742	-8.142E-6
-0.743	-8.142E-6
-0.744	-8.144E-6
-0.745	-8.144E-6
-0.746	-8.146E-6
-0.747	-8.145E-6
-0.748	-8.149E-6
-0.749	-8.148E-6
-0.75	-8.152E-6
-0.751	-8.149E-6
-0.752	-8.153E-6
-0.753	-8.151E-6
-0.754	-8.154E-6
-0.755	-8.156E-6
-0.756	-8.161E-6
-0.757	-8.159E-6
-0.758	-8.163E-6
-0.759	-8.162E-6
-0.76	-8.167E-6
-0.761	-8.167E-6
-0.762	-8.172E-6
-0.763	-8.171E-6
-0.764	-8.175E-6
-0.765	-8.174E-6
-0.766	-8.18E-6
-0.767	-8.179E-6
-0.768	-8.186E-6
-0.769	-8.185E-6
-0.77	-8.19E-6
-0.771	-8.19E-6
-0.772	-8.196E-6
-0.773	-8.195E-6
-0.774	-8.201E-6
-0.775	-8.202E-6
-0.776	-8.207E-6
-0.777	-8.207E-6
-0.778	-8.212E-6
-0.779	-8.213E-6
-0.78	-8.219E-6
-0.781	-8.221E-6
-0.782	-8.227E-6
-0.783	-8.227E-6
-0.784	-8.232E-6
-0.785	-8.234E-6
-0.786	-8.239E-6
-0.787	-8.241E-6
-0.788	-8.247E-6
-0.789	-8.247E-6
-0.79	-8.253E-6
-0.791	-8.254E-6
-0.792	-8.261E-6
-0.793	-8.261E-6
-0.794	-8.27E-6
-0.795	-8.269E-6
-0.796	-8.276E-6
-0.797	-8.278E-6
-0.798	-8.285E-6
-0.799	-8.286E-6
-0.8	-8.293E-6
-0.801	-8.295E-6
-0.802	-8.302E-6
-0.803	-8.302E-6
-0.804	-8.309E-6
-0.805	-8.31E-6
-0.806	-8.317E-6
-0.807	-8.319E-6
-0.808	-8.326E-6
-0.809	-8.327E-6
-0.81	-8.335E-6
-0.811	-8.336E-6
-0.812	-8.344E-6
-0.813	-8.345E-6
-0.814	-8.354E-6
-0.815	-8.355E-6
-0.816	-8.365E-6
-0.817	-8.364E-6
-0.818	-8.372E-6
-0.819	-8.378E-6
-0.82	-8.387E-6
-0.821	-8.389E-6
-0.822	-8.396E-6
-0.823	-8.399E-6
-0.824	-8.407E-6
-0.825	-8.411E-6
-0.826	-8.42E-6
-0.827	-8.423E-6
-0.828	-8.43E-6
-0.829	-8.432E-6
-0.83	-8.442E-6
-0.831	-8.444E-6
-0.832	-8.454E-6
-0.833	-8.456E-6
-0.834	-8.464E-6
-0.835	-8.466E-6
-0.836	-8.475E-6
-0.837	-8.477E-6
-0.838	-8.486E-6
-0.839	-8.49E-6
-0.84	-8.498E-6
-0.841	-8.501E-6
-0.842	-8.509E-6
-0.843	-8.513E-6
-0.844	-8.522E-6
-0.845	-8.525E-6
-0.846	-8.535E-6
-0.847	-8.537E-6
-0.848	-8.546E-6
-0.849	-8.548E-6
-0.85	-8.557E-6
-0.851	-8.559E-6
-0.852	-8.57E-6
-0.853	-8.572E-6
-0.854	-8.581E-6
-0.855	-8.585E-6
-0.856	-8.592E-6
-0.857	-8.596E-6
-0.858	-8.607E-6
-0.859	-8.611E-6
-0.86	-8.619E-6
-0.861	-8.622E-6
-0.862	-8.634E-6
-0.863	-8.635E-6
-0.864	-8.645E-6
-0.865	-8.648E-6
-0.866	-8.658E-6
-0.867	-8.661E-6
-0.868	-8.671E-6
-0.869	-8.672E-6
-0.87	-8.685E-6
-0.871	-8.689E-6
-0.872	-8.699E-6
-0.873	-8.702E-6
-0.874	-8.711E-6
-0.875	-8.715E-6
-0.876	-8.725E-6
-0.877	-8.731E-6
-0.878	-8.74E-6
-0.879	-8.744E-6
-0.88	-8.754E-6
-0.881	-8.759E-6
-0.882	-8.769E-6
-0.883	-8.775E-6
-0.884	-8.786E-6
-0.885	-8.79E-6
-0.886	-8.8E-6
-0.887	-8.806E-6
-0.888	-8.815E-6
-0.889	-8.82E-6
-0.89	-8.831E-6
-0.891	-8.837E-6
-0.892	-8.849E-6
-0.893	-8.852E-6
-0.894	-8.864E-6
-0.895	-8.87E-6
-0.896	-8.882E-6
-0.897	-8.888E-6
-0.898	-8.9E-6
-0.899	-8.907E-6
-0.9	-8.921E-6
-0.901	-8.924E-6
-0.902	-8.938E-6
-0.903	-8.943E-6
-0.904	-8.956E-6
-0.905	-8.962E-6
-0.906	-8.973E-6
-0.907	-8.979E-6
-0.908	-8.994E-6
-0.909	-9.002E-6
-0.91	-9.015E-6
-0.911	-9.023E-6
-0.912	-9.039E-6
-0.913	-9.047E-6
-0.914	-9.061E-6
-0.915	-9.072E-6
-0.916	-9.088E-6
-0.917	-9.097E-6
-0.918	-9.114E-6
-0.919	-9.123E-6
-0.92	-9.139E-6
-0.921	-9.15E-6
-0.922	-9.168E-6
-0.923	-9.178E-6
-0.924	-9.198E-6
-0.925	-9.209E-6
-0.926	-9.229E-6
-0.927	-9.239E-6
-0.928	-9.26E-6
-0.929	-9.272E-6
-0.93	-9.293E-6
-0.931	-9.305E-6
-0.932	-9.328E-6
-0.933	-9.34E-6
-0.934	-9.365E-6
-0.935	-9.381E-6
-0.936	-9.405E-6
-0.937	-9.422E-6
-0.938	-9.448E-6
-0.939	-9.466E-6
-0.94	-9.493E-6
-0.941	-9.513E-6
-0.942	-9.539E-6
-0.943	-9.558E-6
-0.944	-9.588E-6
-0.945	-9.608E-6
-0.946	-9.639E-6
-0.947	-9.664E-6
-0.948	-9.698E-6
-0.949	-9.719E-6
-0.95	-9.755E-6
-0.951	-9.78E-6
-0.952	-9.816E-6
-0.953	-9.845E-6
-0.954	-9.883E-6
-0.955	-9.914E-6
-0.956	-9.954E-6
-0.957	-9.987E-6
-0.958	-1.003E-5
-0.959	-1.006E-5
-0.96	-1.011E-5
-0.961	-1.015E-5
-0.962	-1.02E-5
-0.963	-1.024E-5
-0.964	-1.029E-5
-0.965	-1.033E-5
-0.966	-1.039E-5
-0.967	-1.043E-5
-0.968	-1.049E-5
-0.969	-1.054E-5
-0.97	-1.061E-5
-0.971	-1.066E-5
-0.972	-1.073E-5
-0.973	-1.079E-5
-0.974	-1.086E-5
-0.975	-1.092E-5
-0.976	-1.1E-5
-0.977	-1.107E-5
-0.978	-1.115E-5
-0.979	-1.122E-5
-0.98	-1.131E-5
-0.981	-1.139E-5
-0.982	-1.148E-5
-0.983	-1.156E-5
-0.984	-1.167E-5
-0.985	-1.175E-5
-0.986	-1.186E-5
-0.987	-1.195E-5
-0.988	-1.207E-5
-0.989	-1.217E-5
-0.99	-1.228E-5
-0.991	-1.238E-5
-0.992	-1.251E-5
-0.993	-1.262E-5
-0.994	-1.276E-5
-0.995	-1.288E-5
-0.996	-1.303E-5
-0.997	-1.315E-5
-0.998	-1.331E-5
-0.999	-1.345E-5
-1	-1.362E-5
-1.001	-1.376E-5
-1.002	-1.394E-5
-1.003	-1.41E-5
-1.004	-1.428E-5
-1.005	-1.445E-5
-1.006	-1.465E-5
-1.007	-1.482E-5
-1.008	-1.503E-5
-1.009	-1.522E-5
-1.01	-1.544E-5
-1.011	-1.564E-5
-1.012	-1.588E-5
-1.013	-1.609E-5
-1.014	-1.635E-5
-1.015	-1.657E-5
-1.016	-1.684E-5
-1.017	-1.707E-5
-1.018	-1.735E-5
-1.019	-1.76E-5
-1.02	-1.79E-5
-1.021	-1.816E-5
-1.022	-1.846E-5
-1.023	-1.874E-5
-1.024	-1.908E-5
-1.025	-1.937E-5
-1.026	-1.971E-5
-1.027	-2.002E-5
-1.028	-2.037E-5
-1.029	-2.069E-5
-1.03	-2.107E-5
-1.031	-2.142E-5
-1.032	-2.181E-5
-1.033	-2.216E-5
-1.034	-2.257E-5
-1.035	-2.294E-5
-1.036	-2.337E-5
-1.037	-2.376E-5
-1.038	-2.422E-5
-1.039	-2.462E-5
-1.04	-2.509E-5
-1.041	-2.552E-5
-1.042	-2.599E-5
-1.043	-2.643E-5
-1.044	-2.694E-5
-1.045	-2.739E-5
-1.046	-2.79E-5
-1.047	-2.837E-5
-1.048	-2.89E-5
-1.049	-2.94E-5
-1.05	-2.995E-5
-1.051	-3.046E-5
-1.052	-3.103E-5
-1.053	-3.156E-5
-1.054	-3.216E-5
-1.055	-3.27E-5
-1.056	-3.331E-5
-1.057	-3.387E-5
-1.058	-3.449E-5
-1.059	-3.506E-5
-1.06	-3.57E-5
-1.061	-3.628E-5
-1.062	-3.694E-5
-1.063	-3.755E-5
-1.064	-3.822E-5
-1.065	-3.883E-5
-1.066	-3.951E-5
-1.067	-4.016E-5
-1.068	-4.085E-5
-1.069	-4.15E-5
-1.07	-4.221E-5
-1.071	-4.287E-5
-1.072	-4.358E-5
-1.073	-4.424E-5
-1.074	-4.496E-5
-1.075	-4.565E-5
-1.076	-4.64E-5
-1.077	-4.709E-5
-1.078	-4.785E-5
-1.079	-4.855E-5
-1.08	-4.931E-5
-1.081	-5E-5
-1.082	-5.077E-5
-1.083	-5.149E-5
-1.084	-5.225E-5
-1.085	-5.297E-5
-1.086	-5.374E-5
-1.087	-5.446E-5
-1.088	-5.524E-5
-1.089	-5.599E-5
-1.09	-5.677E-5
-1.091	-5.749E-5
-1.092	-5.827E-5
-1.093	-5.899E-5
-1.094	-5.976E-5
-1.095	-6.048E-5
-1.096	-6.126E-5
-1.097	-6.199E-5
-1.098	-6.276E-5
-1.099	-6.349E-5
-1.1	-6.425E-5
-1.101	-6.498E-5
-1.102	-6.575E-5
-1.103	-6.645E-5
-1.104	-6.721E-5
-1.105	-6.791E-5
-1.106	-6.866E-5
-1.107	-6.934E-5
-1.108	-7.009E-5
-1.109	-7.077E-5
-1.11	-7.151E-5
-1.111	-7.218E-5
-1.112	-7.29E-5
-1.113	-7.354E-5
-1.114	-7.424E-5
-1.115	-7.488E-5
-1.116	-7.555E-5
-1.117	-7.617E-5
-1.118	-7.684E-5
-1.119	-7.742E-5
-1.12	-7.807E-5
-1.121	-7.866E-5
-1.122	-7.928E-5
-1.123	-7.984E-5
-1.124	-8.044E-5
-1.125	-8.097E-5
-1.126	-8.155E-5
-1.127	-8.206E-5
-1.128	-8.261E-5
-1.129	-8.31E-5
-1.13	-8.361E-5
-1.131	-8.407E-5
-1.132	-8.456E-5
-1.133	-8.498E-5
-1.134	-8.545E-5
-1.135	-8.584E-5
-1.136	-8.627E-5
-1.137	-8.663E-5
-1.138	-8.703E-5
-1.139	-8.737E-5
-1.14	-8.774E-5
-1.141	-8.803E-5
-1.142	-8.836E-5
-1.143	-8.861E-5
-1.144	-8.891E-5
-1.145	-8.912E-5
-1.146	-8.938E-5
-1.147	-8.957E-5
-1.148	-8.979E-5
-1.149	-8.994E-5
-1.15	-9.013E-5
-1.151	-9.024E-5
-1.152	-9.04E-5
-1.153	-9.048E-5
-1.154	-9.059E-5
-1.155	-9.064E-5
-1.156	-9.072E-5
-1.157	-9.073E-5
-1.158	-9.077E-5
-1.159	-9.075E-5
-1.16	-9.076E-5
-1.161	-9.071E-5
-1.162	-9.069E-5
-1.163	-9.06E-5
-1.164	-9.055E-5
-1.165	-9.044E-5
-1.166	-9.037E-5
-1.167	-9.022E-5
-1.168	-9.013E-5
-1.169	-8.996E-5
-1.17	-8.983E-5
-1.171	-8.965E-5
-1.172	-8.951E-5
-1.173	-8.929E-5
-1.174	-8.913E-5
-1.175	-8.891E-5
-1.176	-8.874E-5
-1.177	-8.85E-5
-1.178	-8.832E-5
-1.179	-8.808E-5
-1.18	-8.788E-5
-1.181	-8.762E-5
-1.182	-8.742E-5
-1.183	-8.715E-5
-1.184	-8.694E-5
-1.185	-8.668E-5
-1.186	-8.646E-5
-1.187	-8.62E-5
-1.188	-8.598E-5
-1.189	-8.572E-5
-1.19	-8.551E-5
-1.191	-8.526E-5
-1.192	-8.505E-5
-1.193	-8.48E-5
-1.194	-8.46E-5
-1.195	-8.436E-5
-1.196	-8.416E-5
-1.197	-8.393E-5
-1.198	-8.375E-5
-1.199	-8.352E-5
-1.2	-8.336E-5
-1.201	-8.315E-5
-1.202	-8.299E-5
-1.203	-8.28E-5
-1.204	-8.265E-5
-1.205	-8.247E-5
-1.206	-8.235E-5
-1.207	-8.218E-5
-1.208	-8.207E-5
-1.209	-8.193E-5
-1.21	-8.184E-5
-1.211	-8.171E-5
-1.212	-8.163E-5
-1.213	-8.153E-5
-1.214	-8.148E-5
-1.215	-8.138E-5
-1.216	-8.136E-5
-1.217	-8.13E-5
-1.218	-8.128E-5
-1.219	-8.124E-5
-1.22	-8.125E-5
-1.221	-8.123E-5
-1.222	-8.127E-5
-1.223	-8.127E-5
-1.224	-8.133E-5
-1.225	-8.136E-5
-1.226	-8.144E-5
-1.227	-8.15E-5
-1.228	-8.161E-5
-1.229	-8.17E-5
-1.23	-8.185E-5
-1.231	-8.194E-5
-1.232	-8.211E-5
-1.233	-8.223E-5
-1.234	-8.242E-5
-1.235	-8.258E-5
-1.236	-8.279E-5
-1.237	-8.297E-5
-1.238	-8.321E-5
-1.239	-8.342E-5
-1.24	-8.368E-5
-1.241	-8.391E-5
-1.242	-8.421E-5
-1.243	-8.447E-5
-1.244	-8.479E-5
-1.245	-8.507E-5
-1.246	-8.541E-5
-1.247	-8.572E-5
-1.248	-8.609E-5
-1.249	-8.643E-5
-1.25	-8.682E-5
-1.251	-8.72E-5
-1.252	-8.762E-5
-1.253	-8.8E-5
-1.254	-8.845E-5
-1.255	-8.886E-5
-1.256	-8.934E-5
-1.257	-8.977E-5
-1.258	-9.027E-5
-1.259	-9.072E-5
-1.26	-9.122E-5
-1.261	-9.17E-5
-1.262	-9.225E-5
-1.263	-9.275E-5
-1.264	-9.332E-5
-1.265	-9.385E-5
-1.266	-9.444E-5
-1.267	-9.501E-5
-1.268	-9.564E-5
-1.269	-9.621E-5
-1.27	-9.686E-5
-1.271	-9.747E-5
-1.272	-9.814E-5
-1.273	-9.877E-5
-1.274	-9.948E-5
-1.275	-1.002E-4
-1.276	-1.009E-4
-1.277	-1.016E-4
-1.278	-1.024E-4
-1.279	-1.031E-4
-1.28	-1.039E-4
-1.281	-1.047E-4
-1.282	-1.055E-4
-1.283	-1.063E-4
-1.284	-1.072E-4
-1.285	-1.08E-4
-1.286	-1.09E-4
-1.287	-1.098E-4
-1.288	-1.108E-4
-1.289	-1.117E-4
-1.29	-1.126E-4
-1.291	-1.135E-4
-1.292	-1.145E-4
-1.293	-1.154E-4
-1.294	-1.164E-4
-1.295	-1.174E-4
-1.296	-1.184E-4
-1.297	-1.193E-4
-1.298	-1.203E-4
-1.299	-1.212E-4
-1.3	-1.222E-4
-1.301	-1.231E-4
-1.302	-1.241E-4
-1.303	-1.25E-4
-1.304	-1.259E-4
-1.305	-1.268E-4
-1.306	-1.277E-4
-1.307	-1.286E-4
-1.308	-1.295E-4
-1.309	-1.303E-4
-1.31	-1.312E-4
-1.311	-1.32E-4
-1.312	-1.328E-4
-1.313	-1.336E-4
-1.314	-1.344E-4
-1.315	-1.352E-4
-1.316	-1.36E-4
-1.317	-1.367E-4
-1.318	-1.375E-4
-1.319	-1.382E-4
-1.32	-1.389E-4
-1.321	-1.396E-4
-1.322	-1.403E-4
-1.323	-1.409E-4
-1.324	-1.416E-4
-1.325	-1.422E-4
-1.326	-1.429E-4
-1.327	-1.435E-4
-1.328	-1.441E-4
-1.329	-1.447E-4
-1.33	-1.453E-4
-1.331	-1.458E-4
-1.332	-1.464E-4
-1.333	-1.469E-4
-1.334	-1.475E-4
-1.335	-1.48E-4
-1.336	-1.485E-4
-1.337	-1.489E-4
-1.338	-1.495E-4
-1.339	-1.499E-4
-1.34	-1.504E-4
-1.341	-1.508E-4
-1.342	-1.512E-4
-1.343	-1.516E-4
-1.344	-1.52E-4
-1.345	-1.524E-4
-1.346	-1.528E-4
-1.347	-1.531E-4
-1.348	-1.535E-4
-1.349	-1.538E-4
-1.35	-1.541E-4
-1.351	-1.544E-4
-1.352	-1.547E-4
-1.353	-1.549E-4
-1.354	-1.551E-4
-1.355	-1.553E-4
-1.356	-1.556E-4
-1.357	-1.557E-4
-1.358	-1.559E-4
-1.359	-1.56E-4
-1.36	-1.562E-4
-1.361	-1.563E-4
-1.362	-1.564E-4
-1.363	-1.565E-4
-1.364	-1.566E-4
-1.365	-1.566E-4
-1.366	-1.566E-4
-1.367	-1.566E-4
-1.368	-1.566E-4
-1.369	-1.566E-4
-1.37	-1.566E-4
-1.371	-1.565E-4
-1.372	-1.564E-4
-1.373	-1.563E-4
-1.374	-1.562E-4
-1.375	-1.561E-4
-1.376	-1.56E-4
-1.377	-1.558E-4
-1.378	-1.556E-4
-1.379	-1.554E-4
-1.38	-1.553E-4
-1.381	-1.55E-4
-1.382	-1.549E-4
-1.383	-1.546E-4
-1.384	-1.544E-4
-1.385	-1.541E-4
-1.386	-1.539E-4
-1.387	-1.536E-4
-1.388	-1.534E-4
-1.389	-1.531E-4
-1.39	-1.528E-4
-1.391	-1.525E-4
-1.392	-1.522E-4
-1.393	-1.519E-4
-1.394	-1.516E-4
-1.395	-1.512E-4
-1.396	-1.509E-4
-1.397	-1.505E-4
-1.398	-1.502E-4
-1.399	-1.498E-4
-1.4	-1.494E-4
-1.401	-1.49E-4
-1.402	-1.486E-4
-1.403	-1.482E-4
-1.404	-1.479E-4
-1.405	-1.475E-4
-1.406	-1.472E-4
-1.407	-1.468E-4
-1.408	-1.465E-4
-1.409	-1.461E-4
-1.41	-1.458E-4
-1.411	-1.454E-4
-1.412	-1.451E-4
-1.413	-1.447E-4
-1.414	-1.444E-4
-1.415	-1.44E-4
-1.416	-1.436E-4
-1.417	-1.432E-4
-1.418	-1.429E-4
-1.419	-1.425E-4
-1.42	-1.421E-4
-1.421	-1.417E-4
-1.422	-1.414E-4
-1.423	-1.411E-4
-1.424	-1.408E-4
-1.425	-1.405E-4
-1.426	-1.402E-4
-1.427	-1.399E-4
-1.428	-1.396E-4
-1.429	-1.393E-4
-1.43	-1.391E-4
-1.431	-1.388E-4
-1.432	-1.385E-4
-1.433	-1.381E-4
-1.434	-1.378E-4
-1.435	-1.375E-4
-1.436	-1.372E-4
-1.437	-1.37E-4
-1.438	-1.367E-4
-1.439	-1.365E-4
-1.44	-1.363E-4
-1.441	-1.361E-4
-1.442	-1.36E-4
-1.443	-1.358E-4
-1.444	-1.356E-4
-1.445	-1.354E-4
-1.446	-1.353E-4
-1.447	-1.351E-4
-1.448	-1.35E-4
-1.449	-1.348E-4
-1.45	-1.347E-4
-1.451	-1.345E-4
-1.452	-1.344E-4
-1.453	-1.343E-4
-1.454	-1.342E-4
-1.455	-1.342E-4
-1.456	-1.341E-4
-1.457	-1.341E-4
-1.458	-1.34E-4
-1.459	-1.34E-4
-1.46	-1.34E-4
-1.461	-1.34E-4
-1.462	-1.34E-4
-1.463	-1.34E-4
-1.464	-1.34E-4
-1.465	-1.34E-4
-1.466	-1.34E-4
-1.467	-1.34E-4
-1.468	-1.34E-4
-1.469	-1.341E-4
-1.47	-1.341E-4
-1.471	-1.342E-4
-1.472	-1.343E-4
-1.473	-1.344E-4
-1.474	-1.345E-4
-1.475	-1.346E-4
-1.476	-1.347E-4
-1.477	-1.348E-4
-1.478	-1.349E-4
-1.479	-1.35E-4
-1.48	-1.352E-4
-1.481	-1.353E-4
-1.482	-1.354E-4
-1.483	-1.356E-4
-1.484	-1.357E-4
-1.485	-1.359E-4
-1.486	-1.361E-4
-1.487	-1.362E-4
-1.488	-1.364E-4
-1.489	-1.365E-4
-1.49	-1.367E-4
-1.491	-1.369E-4
-1.492	-1.371E-4
-1.493	-1.373E-4
-1.494	-1.375E-4
-1.495	-1.377E-4
-1.496	-1.38E-4
-1.497	-1.382E-4
-1.498	-1.385E-4
-1.499	-1.388E-4
-1.5	-1.391E-4
-1.501	-1.394E-4
-1.502	-1.397E-4
-1.503	-1.4E-4
-1.504	-1.403E-4
-1.505	-1.406E-4
-1.506	-1.41E-4
-1.507	-1.413E-4
-1.508	-1.416E-4
-1.509	-1.419E-4
-1.51	-1.423E-4
-1.511	-1.427E-4
-1.512	-1.431E-4
-1.513	-1.434E-4
-1.514	-1.438E-4
-1.515	-1.442E-4
-1.516	-1.446E-4
-1.517	-1.45E-4
-1.518	-1.455E-4
-1.519	-1.459E-4
-1.52	-1.463E-4
-1.521	-1.468E-4
-1.522	-1.472E-4
-1.523	-1.477E-4
-1.524	-1.482E-4
-1.525	-1.486E-4
-1.526	-1.491E-4
-1.527	-1.495E-4
-1.528	-1.501E-4
-1.529	-1.506E-4
-1.53	-1.511E-4
-1.531	-1.516E-4
-1.532	-1.521E-4
-1.533	-1.526E-4
-1.534	-1.532E-4
-1.535	-1.537E-4
-1.536	-1.543E-4
-1.537	-1.548E-4
-1.538	-1.554E-4
-1.539	-1.56E-4
-1.54	-1.566E-4
-1.541	-1.571E-4
-1.542	-1.577E-4
-1.543	-1.583E-4
-1.544	-1.589E-4
-1.545	-1.595E-4
-1.546	-1.601E-4
-1.547	-1.607E-4
-1.548	-1.614E-4
-1.549	-1.62E-4
-1.55	-1.627E-4
-1.551	-1.633E-4
-1.552	-1.639E-4
-1.553	-1.646E-4
-1.554	-1.652E-4
-1.555	-1.659E-4
-1.556	-1.666E-4
-1.557	-1.672E-4
-1.558	-1.679E-4
-1.559	-1.685E-4
-1.56	-1.692E-4
-1.561	-1.699E-4
-1.562	-1.706E-4
-1.563	-1.712E-4
-1.564	-1.719E-4
-1.565	-1.726E-4
-1.566	-1.733E-4
-1.567	-1.74E-4
-1.568	-1.747E-4
-1.569	-1.754E-4
-1.57	-1.761E-4
-1.571	-1.767E-4
-1.572	-1.774E-4
-1.573	-1.781E-4
-1.574	-1.788E-4
-1.575	-1.794E-4
-1.576	-1.801E-4
-1.577	-1.808E-4
-1.578	-1.815E-4
-1.579	-1.822E-4
-1.58	-1.829E-4
-1.581	-1.835E-4
-1.582	-1.842E-4
-1.583	-1.848E-4
-1.584	-1.855E-4
-1.585	-1.862E-4
-1.586	-1.868E-4
-1.587	-1.875E-4
-1.588	-1.882E-4
-1.589	-1.888E-4
-1.59	-1.895E-4
-1.591	-1.901E-4
-1.592	-1.907E-4
-1.593	-1.913E-4
-1.594	-1.92E-4
-1.595	-1.925E-4
-1.596	-1.932E-4
-1.597	-1.937E-4
-1.598	-1.944E-4
-1.599	-1.949E-4
-1.6	-1.955E-4
-1.601	-1.961E-4
-1.602	-1.967E-4
-1.603	-1.973E-4
-1.604	-1.979E-4
-1.605	-1.984E-4
-1.606	-1.99E-4
-1.607	-1.995E-4
-1.608	-2.001E-4
-1.609	-2.006E-4
-1.61	-2.012E-4
-1.611	-2.017E-4
-1.612	-2.022E-4
-1.613	-2.027E-4
-1.614	-2.032E-4
-1.615	-2.037E-4
-1.616	-2.043E-4
-1.617	-2.048E-4
-1.618	-2.053E-4
-1.619	-2.057E-4
-1.62	-2.062E-4
-1.621	-2.067E-4
-1.622	-2.072E-4
-1.623	-2.076E-4
-1.624	-2.081E-4
-1.625	-2.085E-4
-1.626	-2.09E-4
-1.627	-2.093E-4
-1.628	-2.098E-4
-1.629	-2.102E-4
-1.63	-2.106E-4
-1.631	-2.11E-4
-1.632	-2.114E-4
-1.633	-2.118E-4
-1.634	-2.122E-4
-1.635	-2.125E-4
-1.636	-2.129E-4
-1.637	-2.133E-4
-1.638	-2.137E-4
-1.639	-2.14E-4
-1.64	-2.144E-4
-1.641	-2.147E-4
-1.642	-2.151E-4
-1.643	-2.154E-4
-1.644	-2.158E-4
-1.645	-2.161E-4
-1.646	-2.164E-4
-1.647	-2.167E-4
-1.648	-2.17E-4
-1.649	-2.173E-4
-1.65	-2.176E-4
-1.651	-2.179E-4
-1.652	-2.182E-4
-1.653	-2.184E-4
-1.654	-2.187E-4
-1.655	-2.189E-4
-1.656	-2.192E-4
-1.657	-2.194E-4
-1.658	-2.197E-4
-1.659	-2.199E-4
-1.66	-2.202E-4
-1.661	-2.204E-4
-1.662	-2.206E-4
-1.663	-2.208E-4
-1.664	-2.21E-4
-1.665	-2.212E-4
-1.666	-2.214E-4
-1.667	-2.215E-4
-1.668	-2.217E-4
-1.669	-2.218E-4
-1.67	-2.22E-4
-1.671	-2.221E-4
-1.672	-2.222E-4
-1.673	-2.224E-4
-1.674	-2.225E-4
-1.675	-2.226E-4
-1.676	-2.227E-4
-1.677	-2.228E-4
-1.678	-2.228E-4
-1.679	-2.229E-4
-1.68	-2.23E-4
-1.681	-2.23E-4
-1.682	-2.231E-4
-1.683	-2.232E-4
-1.684	-2.233E-4
-1.685	-2.234E-4
-1.686	-2.234E-4
-1.687	-2.235E-4
-1.688	-2.235E-4
-1.689	-2.236E-4
-1.69	-2.237E-4
-1.691	-2.237E-4
-1.692	-2.237E-4
-1.693	-2.238E-4
-1.694	-2.238E-4
-1.695	-2.238E-4
-1.696	-2.239E-4
-1.697	-2.239E-4
-1.698	-2.24E-4
-1.699	-2.24E-4
-1.7	-2.24E-4
-1.701	-2.241E-4
-1.702	-2.241E-4
-1.703	-2.242E-4
-1.704	-2.242E-4
-1.705	-2.242E-4
-1.706	-2.243E-4
-1.707	-2.243E-4
-1.708	-2.244E-4
-1.709	-2.244E-4
-1.71	-2.245E-4
-1.711	-2.246E-4
-1.712	-2.246E-4
-1.713	-2.246E-4
-1.714	-2.247E-4
-1.715	-2.248E-4
-1.716	-2.248E-4
-1.717	-2.249E-4
-1.718	-2.25E-4
-1.719	-2.251E-4
-1.72	-2.252E-4
-1.721	-2.252E-4
-1.722	-2.253E-4
-1.723	-2.254E-4
-1.724	-2.255E-4
-1.725	-2.256E-4
-1.726	-2.257E-4
-1.727	-2.258E-4
-1.728	-2.259E-4
-1.729	-2.26E-4
-1.73	-2.262E-4
-1.731	-2.263E-4
-1.732	-2.264E-4
-1.733	-2.266E-4
-1.734	-2.267E-4
-1.735	-2.269E-4
-1.736	-2.27E-4
-1.737	-2.272E-4
-1.738	-2.274E-4
-1.739	-2.275E-4
-1.74	-2.277E-4
-1.741	-2.279E-4
-1.742	-2.281E-4
-1.743	-2.282E-4
-1.744	-2.284E-4
-1.745	-2.286E-4
-1.746	-2.288E-4
-1.747	-2.291E-4
-1.748	-2.293E-4
-1.749	-2.295E-4
-1.75	-2.298E-4
-1.751	-2.3E-4
-1.752	-2.302E-4
-1.753	-2.304E-4
-1.754	-2.306E-4
-1.755	-2.308E-4
-1.756	-2.311E-4
-1.757	-2.313E-4
-1.758	-2.315E-4
-1.759	-2.317E-4
-1.76	-2.319E-4
-1.761	-2.321E-4
-1.762	-2.323E-4
-1.763	-2.324E-4
-1.764	-2.326E-4
-1.765	-2.327E-4
-1.766	-2.329E-4
-1.767	-2.33E-4
-1.768	-2.332E-4
-1.769	-2.333E-4
-1.77	-2.333E-4
-1.771	-2.333E-4
-1.772	-2.334E-4
-1.773	-2.334E-4
-1.774	-2.335E-4
-1.775	-2.336E-4
-1.776	-2.337E-4
-1.777	-2.337E-4
-1.778	-2.337E-4
-1.779	-2.337E-4
-1.78	-2.338E-4
-1.781	-2.337E-4
-1.782	-2.338E-4
-1.783	-2.338E-4
-1.784	-2.337E-4
-1.785	-2.337E-4
-1.786	-2.337E-4
-1.787	-2.337E-4
-1.788	-2.337E-4
-1.789	-2.337E-4
-1.79	-2.336E-4
-1.791	-2.336E-4
-1.792	-2.337E-4
-1.793	-2.338E-4
-1.794	-2.339E-4
-1.795	-2.339E-4
-1.796	-2.34E-4
-1.797	-2.34E-4
-1.798	-2.34E-4
-1.799	-2.341E-4
--	--
Segment 2:	--
-1.8	-2.339E-4
-1.799	-2.328E-4
-1.798	-2.318E-4
-1.797	-2.309E-4
-1.796	-2.3E-4
-1.795	-2.291E-4
-1.794	-2.282E-4
-1.793	-2.275E-4
-1.792	-2.267E-4
-1.791	-2.26E-4
-1.79	-2.253E-4
-1.789	-2.246E-4
-1.788	-2.239E-4
-1.787	-2.233E-4
-1.786	-2.226E-4
-1.785	-2.219E-4
-1.784	-2.212E-4
-1.783	-2.207E-4
-1.782	-2.201E-4
-1.781	-2.195E-4
-1.78	-2.189E-4
-1.779	-2.183E-4
-1.778	-2.177E-4
-1.777	-2.172E-4
-1.776	-2.166E-4
-1.775	-2.161E-4
-1.774	-2.156E-4
-1.773	-2.15E-4
-1.772	-2.145E-4
-1.771	-2.139E-4
-1.77	-2.134E-4
-1.769	-2.129E-4
-1.768	-2.124E-4
-1.767	-2.119E-4
-1.766	-2.114E-4
-1.765	-2.109E-4
-1.764	-2.103E-4
-1.763	-2.098E-4
-1.762	-2.093E-4
-1.761	-2.088E-4
-1.76	-2.083E-4
-1.759	-2.078E-4
-1.758	-2.073E-4
-1.757	-2.068E-4
-1.756	-2.063E-4
-1.755	-2.058E-4
-1.754	-2.054E-4
-1.753	-2.049E-4
-1.752	-2.044E-4
-1.751	-2.04E-4
-1.75	-2.035E-4
-1.749	-2.03E-4
-1.748	-2.026E-4
-1.747	-2.021E-4
-1.746	-2.017E-4
-1.745	-2.012E-4
-1.744	-2.008E-4
-1.743	-2.003E-4
-1.742	-1.999E-4
-1.741	-1.994E-4
-1.74	-1.99E-4
-1.739	-1.985E-4
-1.738	-1.981E-4
-1.737	-1.976E-4
-1.736	-1.972E-4
-1.735	-1.967E-4
-1.734	-1.963E-4
-1.733	-1.958E-4
-1.732	-1.954E-4
-1.731	-1.949E-4
-1.73	-1.945E-4
-1.729	-1.94E-4
-1.728	-1.936E-4
-1.727	-1.931E-4
-1.726	-1.927E-4
-1.725	-1.923E-4
-1.724	-1.918E-4
-1.723	-1.914E-4
-1.722	-1.909E-4
-1.721	-1.905E-4
-1.72	-1.901E-4
-1.719	-1.896E-4
-1.718	-1.892E-4
-1.717	-1.887E-4
-1.716	-1.883E-4
-1.715	-1.878E-4
-1.714	-1.874E-4
-1.713	-1.869E-4
-1.712	-1.865E-4
-1.711	-1.86E-4
-1.71	-1.855E-4
-1.709	-1.851E-4
-1.708	-1.846E-4
-1.707	-1.842E-4
-1.706	-1.837E-4
-1.705	-1.833E-4
-1.704	-1.829E-4
-1.703	-1.824E-4
-1.702	-1.819E-4
-1.701	-1.814E-4
-1.7	-1.81E-4
-1.699	-1.805E-4
-1.698	-1.801E-4
-1.697	-1.796E-4
-1.696	-1.791E-4
-1.695	-1.787E-4
-1.694	-1.782E-4
-1.693	-1.777E-4
-1.692	-1.773E-4
-1.691	-1.768E-4
-1.69	-1.763E-4
-1.689	-1.758E-4
-1.688	-1.753E-4
-1.687	-1.748E-4
-1.686	-1.743E-4
-1.685	-1.738E-4
-1.684	-1.733E-4
-1.683	-1.728E-4
-1.682	-1.723E-4
-1.681	-1.717E-4
-1.68	-1.712E-4
-1.679	-1.707E-4
-1.678	-1.702E-4
-1.677	-1.696E-4
-1.676	-1.691E-4
-1.675	-1.686E-4
-1.674	-1.68E-4
-1.673	-1.675E-4
-1.672	-1.669E-4
-1.671	-1.663E-4
-1.67	-1.658E-4
-1.669	-1.651E-4
-1.668	-1.646E-4
-1.667	-1.64E-4
-1.666	-1.634E-4
-1.665	-1.628E-4
-1.664	-1.622E-4
-1.663	-1.616E-4
-1.662	-1.61E-4
-1.661	-1.604E-4
-1.66	-1.598E-4
-1.659	-1.591E-4
-1.658	-1.585E-4
-1.657	-1.578E-4
-1.656	-1.572E-4
-1.655	-1.565E-4
-1.654	-1.559E-4
-1.653	-1.552E-4
-1.652	-1.545E-4
-1.651	-1.538E-4
-1.65	-1.532E-4
-1.649	-1.525E-4
-1.648	-1.518E-4
-1.647	-1.511E-4
-1.646	-1.504E-4
-1.645	-1.496E-4
-1.644	-1.489E-4
-1.643	-1.482E-4
-1.642	-1.475E-4
-1.641	-1.467E-4
-1.64	-1.46E-4
-1.639	-1.452E-4
-1.638	-1.445E-4
-1.637	-1.437E-4
-1.636	-1.429E-4
-1.635	-1.422E-4
-1.634	-1.414E-4
-1.633	-1.406E-4
-1.632	-1.398E-4
-1.631	-1.39E-4
-1.63	-1.383E-4
-1.629	-1.375E-4
-1.628	-1.367E-4
-1.627	-1.359E-4
-1.626	-1.351E-4
-1.625	-1.342E-4
-1.624	-1.334E-4
-1.623	-1.326E-4
-1.622	-1.318E-4
-1.621	-1.309E-4
-1.62	-1.301E-4
-1.619	-1.293E-4
-1.618	-1.284E-4
-1.617	-1.276E-4
-1.616	-1.268E-4
-1.615	-1.259E-4
-1.614	-1.251E-4
-1.613	-1.242E-4
-1.612	-1.234E-4
-1.611	-1.225E-4
-1.61	-1.217E-4
-1.609	-1.209E-4
-1.608	-1.2E-4
-1.607	-1.192E-4
-1.606	-1.183E-4
-1.605	-1.174E-4
-1.604	-1.166E-4
-1.603	-1.158E-4
-1.602	-1.149E-4
-1.601	-1.141E-4
-1.6	-1.132E-4
-1.599	-1.124E-4
-1.598	-1.116E-4
-1.597	-1.107E-4
-1.596	-1.099E-4
-1.595	-1.091E-4
-1.594	-1.083E-4
-1.593	-1.074E-4
-1.592	-1.066E-4
-1.591	-1.058E-4
-1.59	-1.05E-4
-1.589	-1.042E-4
-1.588	-1.034E-4
-1.587	-1.026E-4
-1.586	-1.018E-4
-1.585	-1.01E-4
-1.584	-1.003E-4
-1.583	-9.953E-5
-1.582	-9.879E-5
-1.581	-9.804E-5
-1.58	-9.73E-5
-1.579	-9.657E-5
-1.578	-9.586E-5
-1.577	-9.513E-5
-1.576	-9.443E-5
-1.575	-9.372E-5
-1.574	-9.303E-5
-1.573	-9.235E-5
-1.572	-9.169E-5
-1.571	-9.104E-5
-1.57	-9.042E-5
-1.569	-8.978E-5
-1.568	-8.916E-5
-1.567	-8.853E-5
-1.566	-8.795E-5
-1.565	-8.735E-5
-1.564	-8.677E-5
-1.563	-8.62E-5
-1.562	-8.565E-5
-1.561	-8.51E-5
-1.56	-8.459E-5
-1.559	-8.408E-5
-1.558	-8.358E-5
-1.557	-8.309E-5
-1.556	-8.264E-5
-1.555	-8.217E-5
-1.554	-8.174E-5
-1.553	-8.131E-5
-1.552	-8.09E-5
-1.551	-8.05E-5
-1.55	-8.013E-5
-1.549	-7.975E-5
-1.548	-7.941E-5
-1.547	-7.907E-5
-1.546	-7.876E-5
-1.545	-7.846E-5
-1.544	-7.818E-5
-1.543	-7.79E-5
-1.542	-7.765E-5
-1.541	-7.742E-5
-1.54	-7.722E-5
-1.539	-7.702E-5
-1.538	-7.685E-5
-1.537	-7.669E-5
-1.536	-7.655E-5
-1.535	-7.64E-5
-1.534	-7.63E-5
-1.533	-7.62E-5
-1.532	-7.614E-5
-1.531	-7.608E-5
-1.53	-7.603E-5
-1.529	-7.6E-5
-1.528	-7.599E-5
-1.527	-7.599E-5
-1.526	-7.601E-5
-1.525	-7.605E-5
-1.524	-7.61E-5
-1.523	-7.616E-5
-1.522	-7.624E-5
-1.521	-7.632E-5
-1.52	-7.644E-5
-1.519	-7.654E-5
-1.518	-7.669E-5
-1.517	-7.681E-5
-1.516	-7.697E-5
-1.515	-7.712E-5
-1.514	-7.729E-5
-1.513	-7.747E-5
-1.512	-7.766E-5
-1.511	-7.784E-5
-1.51	-7.804E-5
-1.509	-7.824E-5
-1.508	-7.846E-5
-1.507	-7.868E-5
-1.506	-7.89E-5
-1.505	-7.914E-5
-1.504	-7.938E-5
-1.503	-7.96E-5
-1.502	-7.984E-5
-1.501	-8.006E-5
-1.5	-8.03E-5
-1.499	-8.053E-5
-1.498	-8.076E-5
-1.497	-8.099E-5
-1.496	-8.123E-5
-1.495	-8.145E-5
-1.494	-8.169E-5
-1.493	-8.191E-5
-1.492	-8.214E-5
-1.491	-8.236E-5
-1.49	-8.258E-5
-1.489	-8.279E-5
-1.488	-8.301E-5
-1.487	-8.321E-5
-1.486	-8.343E-5
-1.485	-8.361E-5
-1.484	-8.381E-5
-1.483	-8.399E-5
-1.482	-8.418E-5
-1.481	-8.436E-5
-1.48	-8.454E-5
-1.479	-8.47E-5
-1.478	-8.488E-5
-1.477	-8.504E-5
-1.476	-8.52E-5
-1.475	-8.534E-5
-1.474	-8.55E-5
-1.473	-8.562E-5
-1.472	-8.576E-5
-1.471	-8.588E-5
-1.47	-8.602E-5
-1.469	-8.613E-5
-1.468	-8.625E-5
-1.467	-8.635E-5
-1.466	-8.646E-5
-1.465	-8.656E-5
-1.464	-8.666E-5
-1.463	-8.674E-5
-1.462	-8.684E-5
-1.461	-8.692E-5
-1.46	-8.7E-5
-1.459	-8.707E-5
-1.458	-8.714E-5
-1.457	-8.72E-5
-1.456	-8.726E-5
-1.455	-8.73E-5
-1.454	-8.736E-5
-1.453	-8.738E-5
-1.452	-8.743E-5
-1.451	-8.746E-5
-1.45	-8.749E-5
-1.449	-8.75E-5
-1.448	-8.753E-5
-1.447	-8.754E-5
-1.446	-8.755E-5
-1.445	-8.754E-5
-1.444	-8.756E-5
-1.443	-8.755E-5
-1.442	-8.755E-5
-1.441	-8.753E-5
-1.44	-8.751E-5
-1.439	-8.749E-5
-1.438	-8.747E-5
-1.437	-8.743E-5
-1.436	-8.74E-5
-1.435	-8.735E-5
-1.434	-8.731E-5
-1.433	-8.725E-5
-1.432	-8.721E-5
-1.431	-8.715E-5
-1.43	-8.71E-5
-1.429	-8.703E-5
-1.428	-8.696E-5
-1.427	-8.688E-5
-1.426	-8.682E-5
-1.425	-8.674E-5
-1.424	-8.667E-5
-1.423	-8.658E-5
-1.422	-8.649E-5
-1.421	-8.64E-5
-1.42	-8.632E-5
-1.419	-8.623E-5
-1.418	-8.613E-5
-1.417	-8.6E-5
-1.416	-8.591E-5
-1.415	-8.58E-5
-1.414	-8.572E-5
-1.413	-8.562E-5
-1.412	-8.552E-5
-1.411	-8.538E-5
-1.41	-8.522E-5
-1.409	-8.505E-5
-1.408	-8.492E-5
-1.407	-8.48E-5
-1.406	-8.472E-5
-1.405	-8.46E-5
-1.404	-8.447E-5
-1.403	-8.429E-5
-1.402	-8.41E-5
-1.401	-8.389E-5
-1.4	-8.371E-5
-1.399	-8.354E-5
-1.398	-8.339E-5
-1.397	-8.321E-5
-1.396	-8.304E-5
-1.395	-8.282E-5
-1.394	-8.262E-5
-1.393	-8.24E-5
-1.392	-8.22E-5
-1.391	-8.201E-5
-1.39	-8.183E-5
-1.389	-8.163E-5
-1.388	-8.143E-5
-1.387	-8.121E-5
-1.386	-8.1E-5
-1.385	-8.076E-5
-1.384	-8.052E-5
-1.383	-8.028E-5
-1.382	-8.004E-5
-1.381	-7.981E-5
-1.38	-7.958E-5
-1.379	-7.933E-5
-1.378	-7.908E-5
-1.377	-7.881E-5
-1.376	-7.855E-5
-1.375	-7.828E-5
-1.374	-7.803E-5
-1.373	-7.777E-5
-1.372	-7.751E-5
-1.371	-7.724E-5
-1.37	-7.697E-5
-1.369	-7.668E-5
-1.368	-7.639E-5
-1.367	-7.609E-5
-1.366	-7.579E-5
-1.365	-7.548E-5
-1.364	-7.519E-5
-1.363	-7.49E-5
-1.362	-7.459E-5
-1.361	-7.428E-5
-1.36	-7.397E-5
-1.359	-7.363E-5
-1.358	-7.331E-5
-1.357	-7.297E-5
-1.356	-7.265E-5
-1.355	-7.231E-5
-1.354	-7.197E-5
-1.353	-7.162E-5
-1.352	-7.127E-5
-1.351	-7.09E-5
-1.35	-7.054E-5
-1.349	-7.017E-5
-1.348	-6.981E-5
-1.347	-6.943E-5
-1.346	-6.907E-5
-1.345	-6.868E-5
-1.344	-6.83E-5
-1.343	-6.791E-5
-1.342	-6.754E-5
-1.341	-6.714E-5
-1.34	-6.674E-5
-1.339	-6.634E-5
-1.338	-6.593E-5
-1.337	-6.552E-5
-1.336	-6.512E-5
-1.335	-6.47E-5
-1.334	-6.428E-5
-1.333	-6.386E-5
-1.332	-6.343E-5
-1.331	-6.298E-5
-1.33	-6.255E-5
-1.329	-6.212E-5
-1.328	-6.169E-5
-1.327	-6.124E-5
-1.326	-6.081E-5
-1.325	-6.035E-5
-1.324	-5.99E-5
-1.323	-5.946E-5
-1.322	-5.902E-5
-1.321	-5.856E-5
-1.32	-5.811E-5
-1.319	-5.765E-5
-1.318	-5.718E-5
-1.317	-5.671E-5
-1.316	-5.624E-5
-1.315	-5.577E-5
-1.314	-5.529E-5
-1.313	-5.481E-5
-1.312	-5.434E-5
-1.311	-5.385E-5
-1.31	-5.338E-5
-1.309	-5.29E-5
-1.308	-5.242E-5
-1.307	-5.194E-5
-1.306	-5.146E-5
-1.305	-5.097E-5
-1.304	-5.049E-5
-1.303	-5E-5
-1.302	-4.952E-5
-1.301	-4.904E-5
-1.3	-4.855E-5
-1.299	-4.806E-5
-1.298	-4.756E-5
-1.297	-4.707E-5
-1.296	-4.658E-5
-1.295	-4.609E-5
-1.294	-4.561E-5
-1.293	-4.513E-5
-1.292	-4.464E-5
-1.291	-4.416E-5
-1.29	-4.369E-5
-1.289	-4.321E-5
-1.288	-4.273E-5
-1.287	-4.225E-5
-1.286	-4.177E-5
-1.285	-4.13E-5
-1.284	-4.082E-5
-1.283	-4.035E-5
-1.282	-3.986E-5
-1.281	-3.938E-5
-1.28	-3.891E-5
-1.279	-3.843E-5
-1.278	-3.798E-5
-1.277	-3.751E-5
-1.276	-3.705E-5
-1.275	-3.66E-5
-1.274	-3.613E-5
-1.273	-3.568E-5
-1.272	-3.523E-5
-1.271	-3.478E-5
-1.27	-3.433E-5
-1.269	-3.388E-5
-1.268	-3.345E-5
-1.267	-3.3E-5
-1.266	-3.256E-5
-1.265	-3.212E-5
-1.264	-3.168E-5
-1.263	-3.125E-5
-1.262	-3.082E-5
-1.261	-3.039E-5
-1.26	-2.997E-5
-1.259	-2.956E-5
-1.258	-2.915E-5
-1.257	-2.873E-5
-1.256	-2.832E-5
-1.255	-2.793E-5
-1.254	-2.753E-5
-1.253	-2.713E-5
-1.252	-2.674E-5
-1.251	-2.635E-5
-1.25	-2.596E-5
-1.249	-2.558E-5
-1.248	-2.519E-5
-1.247	-2.481E-5
-1.246	-2.444E-5
-1.245	-2.406E-5
-1.244	-2.369E-5
-1.243	-2.333E-5
-1.242	-2.297E-5
-1.241	-2.261E-5
-1.24	-2.227E-5
-1.239	-2.193E-5
-1.238	-2.158E-5
-1.237	-2.125E-5
-1.236	-2.092E-5
-1.235	-2.058E-5
-1.234	-2.025E-5
-1.233	-1.994E-5
-1.232	-1.961E-5
-1.231	-1.929E-5
-1.23	-1.898E-5
-1.229	-1.866E-5
-1.228	-1.835E-5
-1.227	-1.807E-5
-1.226	-1.778E-5
-1.225	-1.749E-5
-1.224	-1.721E-5
-1.223	-1.692E-5
-1.222	-1.664E-5
-1.221	-1.636E-5
-1.22	-1.608E-5
-1.219	-1.581E-5
-1.218	-1.554E-5
-1.217	-1.528E-5
-1.216	-1.502E-5
-1.215	-1.475E-5
-1.214	-1.451E-5
-1.213	-1.426E-5
-1.212	-1.401E-5
-1.211	-1.376E-5
-1.21	-1.352E-5
-1.209	-1.326E-5
-1.208	-1.302E-5
-1.207	-1.278E-5
-1.206	-1.254E-5
-1.205	-1.23E-5
-1.204	-1.207E-5
-1.203	-1.182E-5
-1.202	-1.157E-5
-1.201	-1.133E-5
-1.2	-1.108E-5
-1.199	-1.083E-5
-1.198	-1.057E-5
-1.197	-1.031E-5
-1.196	-1.005E-5
-1.195	-9.78E-6
-1.194	-9.505E-6
-1.193	-9.219E-6
-1.192	-8.935E-6
-1.191	-8.634E-6
-1.19	-8.317E-6
-1.189	-8.003E-6
-1.188	-7.675E-6
-1.187	-7.338E-6
-1.186	-6.988E-6
-1.185	-6.625E-6
-1.184	-6.251E-6
-1.183	-5.859E-6
-1.182	-5.459E-6
-1.181	-5.038E-6
-1.18	-4.599E-6
-1.179	-4.156E-6
-1.178	-3.684E-6
-1.177	-3.19E-6
-1.176	-2.688E-6
-1.175	-2.173E-6
-1.174	-1.628E-6
-1.173	-1.065E-6
-1.172	-4.712E-7
-1.171	1.413E-7
-1.17	7.692E-7
-1.169	1.412E-6
-1.168	2.082E-6
-1.167	2.781E-6
-1.166	3.483E-6
-1.165	4.224E-6
-1.164	4.994E-6
-1.163	5.777E-6
-1.162	6.595E-6
-1.161	7.44E-6
-1.16	8.308E-6
-1.159	9.195E-6
-1.158	1.011E-5
-1.157	1.104E-5
-1.156	1.2E-5
-1.155	1.298E-5
-1.154	1.399E-5
-1.153	1.502E-5
-1.152	1.608E-5
-1.151	1.715E-5
-1.15	1.824E-5
-1.149	1.935E-5
-1.148	2.048E-5
-1.147	2.162E-5
-1.146	2.28E-5
-1.145	2.401E-5
-1.144	2.522E-5
-1.143	2.644E-5
-1.142	2.769E-5
-1.141	2.894E-5
-1.14	3.023E-5
-1.139	3.153E-5
-1.138	3.284E-5
-1.137	3.416E-5
-1.136	3.547E-5
-1.135	3.681E-5
-1.134	3.816E-5
-1.133	3.954E-5
-1.132	4.092E-5
-1.131	4.229E-5
-1.13	4.368E-5
-1.129	4.507E-5
-1.128	4.647E-5
-1.127	4.788E-5
-1.126	4.929E-5
-1.125	5.069E-5
-1.124	5.21E-5
-1.123	5.351E-5
-1.122	5.494E-5
-1.121	5.636E-5
-1.12	5.78E-5
-1.119	5.922E-5
-1.118	6.063E-5
-1.117	6.205E-5
-1.116	6.348E-5
-1.115	6.488E-5
-1.114	6.629E-5
-1.113	6.769E-5
-1.112	6.909E-5
-1.111	7.049E-5
-1.11	7.189E-5
-1.109	7.329E-5
-1.108	7.468E-5
-1.107	7.607E-5
-1.106	7.747E-5
-1.105	7.886E-5
-1.104	8.026E-5
-1.103	8.164E-5
-1.102	8.301E-5
-1.101	8.439E-5
-1.1	8.579E-5
-1.099	8.717E-5
-1.098	8.856E-5
-1.097	8.995E-5
-1.096	9.136E-5
-1.095	9.275E-5
-1.094	9.417E-5
-1.093	9.556E-5
-1.092	9.697E-5
-1.091	9.835E-5
-1.09	9.976E-5
-1.089	1.012E-4
-1.088	1.026E-4
-1.087	1.041E-4
-1.086	1.055E-4
-1.085	1.07E-4
-1.084	1.084E-4
-1.083	1.099E-4
-1.082	1.114E-4
-1.081	1.129E-4
-1.08	1.143E-4
-1.079	1.158E-4
-1.078	1.173E-4
-1.077	1.188E-4
-1.076	1.204E-4
-1.075	1.219E-4
-1.074	1.234E-4
-1.073	1.249E-4
-1.072	1.265E-4
-1.071	1.28E-4
-1.07	1.295E-4
-1.069	1.31E-4
-1.068	1.326E-4
-1.067	1.341E-4
-1.066	1.356E-4
-1.065	1.371E-4
-1.064	1.386E-4
-1.063	1.401E-4
-1.062	1.417E-4
-1.061	1.432E-4
-1.06	1.446E-4
-1.059	1.461E-4
-1.058	1.476E-4
-1.057	1.49E-4
-1.056	1.505E-4
-1.055	1.519E-4
-1.054	1.533E-4
-1.053	1.546E-4
-1.052	1.56E-4
-1.051	1.573E-4
-1.05	1.586E-4
-1.049	1.599E-4
-1.048	1.611E-4
-1.047	1.623E-4
-1.046	1.635E-4
-1.045	1.646E-4
-1.044	1.658E-4
-1.043	1.668E-4
-1.042	1.679E-4
-1.041	1.689E-4
-1.04	1.698E-4
-1.039	1.708E-4
-1.038	1.716E-4
-1.037	1.725E-4
-1.036	1.733E-4
-1.035	1.74E-4
-1.034	1.748E-4
-1.033	1.754E-4
-1.032	1.76E-4
-1.031	1.766E-4
-1.03	1.771E-4
-1.029	1.776E-4
-1.028	1.781E-4
-1.027	1.784E-4
-1.026	1.788E-4
-1.025	1.791E-4
-1.024	1.794E-4
-1.023	1.796E-4
-1.022	1.797E-4
-1.021	1.798E-4
-1.02	1.799E-4
-1.019	1.799E-4
-1.018	1.799E-4
-1.017	1.798E-4
-1.016	1.796E-4
-1.015	1.794E-4
-1.014	1.792E-4
-1.013	1.789E-4
-1.012	1.786E-4
-1.011	1.782E-4
-1.01	1.778E-4
-1.009	1.774E-4
-1.008	1.769E-4
-1.007	1.763E-4
-1.006	1.757E-4
-1.005	1.75E-4
-1.004	1.743E-4
-1.003	1.736E-4
-1.002	1.728E-4
-1.001	1.719E-4
-1	1.71E-4
-0.999	1.7E-4
-0.998	1.69E-4
-0.997	1.68E-4
-0.996	1.669E-4
-0.995	1.658E-4
-0.994	1.646E-4
-0.993	1.634E-4
-0.992	1.622E-4
-0.991	1.609E-4
-0.99	1.597E-4
-0.989	1.583E-4
-0.988	1.57E-4
-0.987	1.555E-4
-0.986	1.541E-4
-0.985	1.527E-4
-0.984	1.512E-4
-0.983	1.498E-4
-0.982	1.483E-4
-0.981	1.467E-4
-0.98	1.452E-4
-0.979	1.437E-4
-0.978	1.422E-4
-0.977	1.406E-4
-0.976	1.391E-4
-0.975	1.376E-4
-0.974	1.361E-4
-0.973	1.346E-4
-0.972	1.331E-4
-0.971	1.316E-4
-0.97	1.301E-4
-0.969	1.286E-4
-0.968	1.272E-4
-0.967	1.257E-4
-0.966	1.243E-4
-0.965	1.229E-4
-0.964	1.215E-4
-0.963	1.202E-4
-0.962	1.188E-4
-0.961	1.175E-4
-0.96	1.162E-4
-0.959	1.15E-4
-0.958	1.137E-4
-0.957	1.125E-4
-0.956	1.113E-4
-0.955	1.101E-4
-0.954	1.09E-4
-0.953	1.078E-4
-0.952	1.067E-4
-0.951	1.056E-4
-0.95	1.046E-4
-0.949	1.035E-4
-0.948	1.025E-4
-0.947	1.014E-4
-0.946	1.004E-4
-0.945	9.944E-5
-0.944	9.849E-5
-0.943	9.758E-5
-0.942	9.667E-5
-0.941	9.577E-5
-0.94	9.489E-5
-0.939	9.4E-5
-0.938	9.312E-5
-0.937	9.227E-5
-0.936	9.143E-5
-0.935	9.062E-5
-0.934	8.981E-5
-0.933	8.901E-5
-0.932	8.821E-5
-0.931	8.744E-5
-0.93	8.668E-5
-0.929	8.595E-5
-0.928	8.523E-5
-0.927	8.453E-5
-0.926	8.383E-5
-0.925	8.314E-5
-0.924	8.246E-5
-0.923	8.181E-5
-0.922	8.115E-5
-0.921	8.051E-5
-0.92	7.987E-5
-0.919	7.925E-5
-0.918	7.862E-5
-0.917	7.801E-5
-0.916	7.741E-5
-0.915	7.682E-5
-0.914	7.624E-5
-0.913	7.568E-5
-0.912	7.512E-5
-0.911	7.457E-5
-0.91	7.404E-5
-0.909	7.351E-5
-0.908	7.299E-5
-0.907	7.248E-5
-0.906	7.198E-5
-0.905	7.148E-5
-0.904	7.098E-5
-0.903	7.05E-5
-0.902	7.001E-5
-0.901	6.953E-5
-0.9	6.907E-5
-0.899	6.861E-5
-0.898	6.816E-5
-0.897	6.772E-5
-0.896	6.728E-5
-0.895	6.686E-5
-0.894	6.644E-5
-0.893	6.604E-5
-0.892	6.563E-5
-0.891	6.523E-5
-0.89	6.483E-5
-0.889	6.444E-5
-0.888	6.405E-5
-0.887	6.367E-5
-0.886	6.329E-5
-0.885	6.292E-5
-0.884	6.255E-5
-0.883	6.218E-5
-0.882	6.181E-5
-0.881	6.145E-5
-0.88	6.11E-5
-0.879	6.075E-5
-0.878	6.04E-5
-0.877	6.007E-5
-0.876	5.974E-5
-0.875	5.94E-5
-0.874	5.907E-5
-0.873	5.875E-5
-0.872	5.843E-5
-0.871	5.812E-5
-0.87	5.78E-5
-0.869	5.749E-5
-0.868	5.718E-5
-0.867	5.688E-5
-0.866	5.657E-5
-0.865	5.628E-5
-0.864	5.599E-5
-0.863	5.57E-5
-0.862	5.541E-5
-0.861	5.513E-5
-0.86	5.485E-5
-0.859	5.457E-5
-0.858	5.429E-5
-0.857	5.402E-5
-0.856	5.376E-5
-0.855	5.349E-5
-0.854	5.323E-5
-0.853	5.298E-5
-0.852	5.272E-5
-0.851	5.247E-5
-0.85	5.223E-5
-0.849	5.198E-5
-0.848	5.173E-5
-0.847	5.149E-5
-0.846	5.125E-5
-0.845	5.102E-5
-0.844	5.078E-5
-0.843	5.056E-5
-0.842	5.034E-5
-0.841	5.012E-5
-0.84	4.989E-5
-0.839	4.967E-5
-0.838	4.945E-5
-0.837	4.923E-5
-0.836	4.901E-5
-0.835	4.879E-5
-0.834	4.858E-5
-0.833	4.837E-5
-0.832	4.817E-5
-0.831	4.796E-5
-0.83	4.775E-5
-0.829	4.755E-5
-0.828	4.734E-5
-0.827	4.714E-5
-0.826	4.694E-5
-0.825	4.675E-5
-0.824	4.654E-5
-0.823	4.635E-5
-0.822	4.615E-5
-0.821	4.596E-5
-0.82	4.577E-5
-0.819	4.559E-5
-0.818	4.541E-5
-0.817	4.523E-5
-0.816	4.504E-5
-0.815	4.486E-5
-0.814	4.468E-5
-0.813	4.451E-5
-0.812	4.433E-5
-0.811	4.416E-5
-0.81	4.398E-5
-0.809	4.381E-5
-0.808	4.364E-5
-0.807	4.347E-5
-0.806	4.331E-5
-0.805	4.315E-5
-0.804	4.298E-5
-0.803	4.282E-5
-0.802	4.266E-5
-0.801	4.25E-5
-0.8	4.234E-5
-0.799	4.219E-5
-0.798	4.203E-5
-0.797	4.187E-5
-0.796	4.172E-5
-0.795	4.157E-5
-0.794	4.141E-5
-0.793	4.127E-5
-0.792	4.111E-5
-0.791	4.097E-5
-0.79	4.082E-5
-0.789	4.068E-5
-0.788	4.054E-5
-0.787	4.04E-5
-0.786	4.026E-5
-0.785	4.012E-5
-0.784	3.998E-5
-0.783	3.984E-5
-0.782	3.97E-5
-0.781	3.956E-5
-0.78	3.943E-5
-0.779	3.929E-5
-0.778	3.915E-5
-0.777	3.902E-5
-0.776	3.889E-5
-0.775	3.876E-5
-0.774	3.862E-5
-0.773	3.85E-5
-0.772	3.837E-5
-0.771	3.824E-5
-0.77	3.811E-5
-0.769	3.799E-5
-0.768	3.787E-5
-0.767	3.775E-5
-0.766	3.762E-5
-0.765	3.75E-5
-0.764	3.738E-5
-0.763	3.725E-5
-0.762	3.714E-5
-0.761	3.702E-5
-0.76	3.69E-5
-0.759	3.678E-5
-0.758	3.667E-5
-0.757	3.656E-5
-0.756	3.645E-5
-0.755	3.634E-5
-0.754	3.622E-5
-0.753	3.611E-5
-0.752	3.6E-5
-0.751	3.589E-5
-0.75	3.578E-5
-0.749	3.567E-5
-0.748	3.556E-5
-0.747	3.546E-5
-0.746	3.535E-5
-0.745	3.525E-5
-0.744	3.514E-5
-0.743	3.504E-5
-0.742	3.494E-5
-0.741	3.484E-5
-0.74	3.475E-5
-0.739	3.465E-5
-0.738	3.455E-5
-0.737	3.445E-5
-0.736	3.436E-5
-0.735	3.426E-5
-0.734	3.416E-5
-0.733	3.406E-5
-0.732	3.397E-5
-0.731	3.387E-5
-0.73	3.378E-5
-0.729	3.368E-5
-0.728	3.359E-5
-0.727	3.35E-5
-0.726	3.341E-5
-0.725	3.332E-5
-0.724	3.323E-5
-0.723	3.314E-5
-0.722	3.305E-5
-0.721	3.296E-5
-0.72	3.287E-5
-0.719	3.279E-5
-0.718	3.27E-5
-0.717	3.262E-5
-0.716	3.253E-5
-0.715	3.245E-5
-0.714	3.236E-5
-0.713	3.228E-5
-0.712	3.219E-5
-0.711	3.211E-5
-0.71	3.203E-5
-0.709	3.195E-5
-0.708	3.187E-5
-0.707	3.178E-5
-0.706	3.17E-5
-0.705	3.162E-5
-0.704	3.154E-5
-0.703	3.147E-5
-0.702	3.139E-5
-0.701	3.131E-5
-0.7	3.123E-5
-0.699	3.115E-5
-0.698	3.107E-5
-0.697	3.099E-5
-0.696	3.092E-5
-0.695	3.084E-5
-0.694	3.076E-5
-0.693	3.068E-5
-0.692	3.061E-5
-0.691	3.054E-5
-0.69	3.046E-5
-0.689	3.039E-5
-0.688	3.032E-5
-0.687	3.024E-5
-0.686	3.017E-5
-0.685	3.01E-5
-0.684	3.003E-5
-0.683	2.996E-5
-0.682	2.989E-5
-0.681	2.982E-5
-0.68	2.975E-5
-0.679	2.969E-5
-0.678	2.962E-5
-0.677	2.955E-5
-0.676	2.948E-5
-0.675	2.942E-5
-0.674	2.935E-5
-0.673	2.928E-5
-0.672	2.922E-5
-0.671	2.916E-5
-0.67	2.909E-5
-0.669	2.903E-5
-0.668	2.897E-5
-0.667	2.89E-5
-0.666	2.884E-5
-0.665	2.879E-5
-0.664	2.872E-5
-0.663	2.866E-5
-0.662	2.86E-5
-0.661	2.854E-5
-0.66	2.848E-5
-0.659	2.842E-5
-0.658	2.836E-5
-0.657	2.83E-5
-0.656	2.824E-5
-0.655	2.818E-5
-0.654	2.812E-5
-0.653	2.807E-5
-0.652	2.801E-5
-0.651	2.795E-5
-0.65	2.789E-5
-0.649	2.783E-5
-0.648	2.778E-5
-0.647	2.772E-5
-0.646	2.766E-5
-0.645	2.761E-5
-0.644	2.755E-5
-0.643	2.75E-5
-0.642	2.744E-5
-0.641	2.738E-5
-0.64	2.733E-5
-0.639	2.728E-5
-0.638	2.722E-5
-0.637	2.716E-5
-0.636	2.71E-5
-0.635	2.705E-5
-0.634	2.699E-5
-0.633	2.694E-5
-0.632	2.688E-5
-0.631	2.683E-5
-0.63	2.678E-5
-0.629	2.672E-5
-0.628	2.666E-5
-0.627	2.661E-5
-0.626	2.655E-5
-0.625	2.65E-5
-0.624	2.644E-5
-0.623	2.639E-5
-0.622	2.633E-5
-0.621	2.628E-5
-0.62	2.622E-5
-0.619	2.617E-5
-0.618	2.611E-5
-0.617	2.606E-5
-0.616	2.6E-5
-0.615	2.595E-5
-0.614	2.59E-5
-0.613	2.584E-5
-0.612	2.579E-5
-0.611	2.573E-5
-0.61	2.568E-5
-0.609	2.563E-5
-0.608	2.557E-5
-0.607	2.552E-5
-0.606	2.547E-5
-0.605	2.542E-5
-0.604	2.537E-5
-0.603	2.531E-5
-0.602	2.526E-5
-0.601	2.521E-5
-0.6	2.515E-5
-0.599	2.511E-5
-0.598	2.506E-5
-0.597	2.5E-5
-0.596	2.496E-5
-0.595	2.491E-5
-0.594	2.486E-5
-0.593	2.481E-5
-0.592	2.476E-5
-0.591	2.471E-5
-0.59	2.466E-5
-0.589	2.462E-5
-0.588	2.457E-5
-0.587	2.452E-5
-0.586	2.447E-5
-0.585	2.442E-5
-0.584	2.437E-5
-0.583	2.433E-5
-0.582	2.429E-5
-0.581	2.424E-5
-0.58	2.419E-5
-0.579	2.414E-5
-0.578	2.41E-5
-0.577	2.405E-5
-0.576	2.401E-5
-0.575	2.397E-5
-0.574	2.392E-5
-0.573	2.387E-5
-0.572	2.383E-5
-0.571	2.379E-5
-0.57	2.374E-5
-0.569	2.37E-5
-0.568	2.366E-5
-0.567	2.361E-5
-0.566	2.357E-5
-0.565	2.353E-5
-0.564	2.349E-5
-0.563	2.344E-5
-0.562	2.34E-5
-0.561	2.336E-5
-0.56	2.332E-5
-0.559	2.327E-5
-0.558	2.323E-5
-0.557	2.319E-5
-0.556	2.315E-5
-0.555	2.311E-5
-0.554	2.307E-5
-0.553	2.303E-5
-0.552	2.298E-5
-0.551	2.294E-5
-0.55	2.29E-5
-0.549	2.286E-5
-0.548	2.282E-5
-0.547	2.278E-5
-0.546	2.274E-5
-0.545	2.27E-5
-0.544	2.266E-5
-0.543	2.262E-5
-0.542	2.258E-5
-0.541	2.254E-5
-0.54	2.25E-5
-0.539	2.246E-5
-0.538	2.243E-5
-0.537	2.239E-5
-0.536	2.235E-5
-0.535	2.232E-5
-0.534	2.228E-5
-0.533	2.224E-5
-0.532	2.22E-5
-0.531	2.216E-5
-0.53	2.213E-5
-0.529	2.209E-5
-0.528	2.205E-5
-0.527	2.202E-5
-0.526	2.198E-5
-0.525	2.194E-5
-0.524	2.191E-5
-0.523	2.187E-5
-0.522	2.184E-5
-0.521	2.18E-5
-0.52	2.177E-5
-0.519	2.173E-5
-0.518	2.169E-5
-0.517	2.166E-5
-0.516	2.162E-5
-0.515	2.159E-5
-0.514	2.155E-5
-0.513	2.152E-5
-0.512	2.148E-5
-0.511	2.145E-5
-0.51	2.141E-5
-0.509	2.138E-5
-0.508	2.134E-5
-0.507	2.131E-5
-0.506	2.128E-5
-0.505	2.124E-5
-0.504	2.121E-5
-0.503	2.117E-5
-0.502	2.114E-5
-0.501	2.111E-5
-0.5	2.108E-5
-0.499	2.104E-5
-0.498	2.101E-5
-0.497	2.098E-5
-0.496	2.095E-5
-0.495	2.091E-5
-0.494	2.088E-5
-0.493	2.085E-5
-0.492	2.082E-5
-0.491	2.078E-5
-0.49	2.075E-5
-0.489	2.072E-5
-0.488	2.069E-5
-0.487	2.065E-5
-0.486	2.062E-5
-0.485	2.059E-5
-0.484	2.056E-5
-0.483	2.052E-5
-0.482	2.049E-5
-0.481	2.046E-5
-0.48	2.043E-5
-0.479	2.04E-5
-0.478	2.037E-5
-0.477	2.034E-5
-0.476	2.031E-5
-0.475	2.027E-5
-0.474	2.025E-5
-0.473	2.022E-5
-0.472	2.018E-5
-0.471	2.015E-5
-0.47	2.012E-5
-0.469	2.009E-5
-0.468	2.006E-5
-0.467	2.003E-5
-0.466	2E-5
-0.465	1.997E-5
-0.464	1.994E-5
-0.463	1.991E-5
-0.462	1.989E-5
-0.461	1.986E-5
-0.46	1.983E-5
-0.459	1.98E-5
-0.458	1.977E-5
-0.457	1.974E-5
-0.456	1.971E-5
-0.455	1.968E-5
-0.454	1.965E-5
-0.453	1.962E-5
-0.452	1.96E-5
-0.451	1.956E-5
-0.45	1.954E-5
-0.449	1.951E-5
-0.448	1.948E-5
-0.447	1.945E-5
-0.446	1.943E-5
-0.445	1.94E-5
-0.444	1.937E-5
-0.443	1.934E-5
-0.442	1.932E-5
-0.441	1.929E-5
-0.44	1.926E-5
-0.439	1.923E-5
-0.438	1.921E-5
-0.437	1.918E-5
-0.436	1.915E-5
-0.435	1.913E-5
-0.434	1.911E-5
-0.433	1.908E-5
-0.432	1.906E-5
-0.431	1.904E-5
-0.43	1.901E-5
-0.429	1.898E-5
-0.428	1.896E-5
-0.427	1.893E-5
-0.426	1.891E-5
-0.425	1.888E-5
-0.424	1.885E-5
-0.423	1.882E-5
-0.422	1.88E-5
-0.421	1.877E-5
-0.42	1.875E-5
-0.419	1.872E-5
-0.418	1.87E-5
-0.417	1.867E-5
-0.416	1.864E-5
-0.415	1.862E-5
-0.414	1.859E-5
-0.413	1.857E-5
-0.412	1.854E-5
-0.411	1.852E-5
-0.41	1.85E-5
-0.409	1.847E-5
-0.408	1.844E-5
-0.407	1.842E-5
-0.406	1.839E-5
-0.405	1.837E-5
-0.404	1.834E-5
-0.403	1.832E-5
-0.402	1.83E-5
-0.401	1.827E-5
-0.4	1.825E-5
-0.399	1.822E-5
-0.398	1.82E-5
-0.397	1.817E-5
-0.396	1.815E-5
-0.395	1.812E-5
-0.394	1.81E-5
-0.393	1.808E-5
-0.392	1.805E-5
-0.391	1.803E-5
-0.39	1.801E-5
-0.389	1.798E-5
-0.388	1.796E-5
-0.387	1.793E-5
-0.386	1.791E-5
-0.385	1.788E-5
-0.384	1.786E-5
-0.383	1.784E-5
-0.382	1.781E-5
-0.381	1.779E-5
-0.38	1.777E-5
-0.379	1.774E-5
-0.378	1.772E-5
-0.377	1.77E-5
-0.376	1.767E-5
-0.375	1.765E-5
-0.374	1.763E-5
-0.373	1.76E-5
-0.372	1.758E-5
-0.371	1.756E-5
-0.37	1.754E-5
-0.369	1.751E-5
-0.368	1.749E-5
-0.367	1.747E-5
-0.366	1.745E-5
-0.365	1.742E-5
-0.364	1.74E-5
-0.363	1.738E-5
-0.362	1.736E-5
-0.361	1.733E-5
-0.36	1.731E-5
-0.359	1.729E-5
-0.358	1.727E-5
-0.357	1.724E-5
-0.356	1.722E-5
-0.355	1.72E-5
-0.354	1.718E-5
-0.353	1.715E-5
-0.352	1.714E-5
-0.351	1.711E-5
-0.35	1.709E-5
-0.349	1.707E-5
-0.348	1.705E-5
-0.347	1.703E-5
-0.346	1.701E-5
-0.345	1.699E-5
-0.344	1.697E-5
-0.343	1.694E-5
-0.342	1.692E-5
-0.341	1.69E-5
-0.34	1.688E-5
-0.339	1.686E-5
-0.338	1.684E-5
-0.337	1.681E-5
-0.336	1.679E-5
-0.335	1.677E-5
-0.334	1.675E-5
-0.333	1.673E-5
-0.332	1.671E-5
-0.331	1.669E-5
-0.33	1.667E-5
-0.329	1.664E-5
-0.328	1.662E-5
-0.327	1.66E-5
-0.326	1.658E-5
-0.325	1.656E-5
-0.324	1.654E-5
-0.323	1.652E-5
-0.322	1.65E-5
-0.321	1.648E-5
-0.32	1.646E-5
-0.319	1.643E-5
-0.318	1.642E-5
-0.317	1.639E-5
-0.316	1.638E-5
-0.315	1.635E-5
-0.314	1.633E-5
-0.313	1.631E-5
-0.312	1.629E-5
-0.311	1.627E-5
-0.31	1.625E-5
-0.309	1.623E-5
-0.308	1.621E-5
-0.307	1.619E-5
-0.306	1.617E-5
-0.305	1.615E-5
-0.304	1.613E-5
-0.303	1.611E-5
-0.302	1.609E-5
-0.301	1.607E-5
-0.3	1.605E-5
-0.299	1.603E-5
-0.298	1.601E-5
-0.297	1.599E-5
-0.296	1.597E-5
-0.295	1.595E-5
-0.294	1.593E-5
-0.293	1.591E-5
-0.292	1.589E-5
-0.291	1.587E-5
-0.29	1.585E-5
-0.289	1.583E-5
-0.288	1.581E-5
-0.287	1.579E-5
-0.286	1.578E-5
-0.285	1.575E-5
-0.284	1.574E-5
-0.283	1.571E-5
-0.282	1.57E-5
-0.281	1.568E-5
-0.28	1.566E-5
-0.279	1.564E-5
-0.278	1.562E-5
-0.277	1.56E-5
-0.276	1.558E-5
-0.275	1.556E-5
-0.274	1.554E-5
-0.273	1.552E-5
-0.272	1.551E-5
-0.271	1.548E-5
-0.27	1.547E-5
-0.269	1.545E-5
-0.268	1.543E-5
-0.267	1.541E-5
-0.266	1.539E-5
-0.265	1.537E-5
-0.264	1.535E-5
-0.263	1.533E-5
-0.262	1.532E-5
-0.261	1.53E-5
-0.26	1.528E-5
-0.259	1.526E-5
-0.258	1.524E-5
-0.257	1.522E-5
-0.256	1.521E-5
-0.255	1.518E-5
-0.254	1.517E-5
-0.253	1.514E-5
-0.252	1.513E-5
-0.251	1.51E-5
-0.25	1.509E-5
-0.249	1.507E-5
-0.248	1.505E-5
-0.247	1.503E-5
-0.246	1.501E-5
-0.245	1.499E-5
-0.244	1.498E-5
-0.243	1.496E-5
-0.242	1.494E-5
-0.241	1.492E-5
-0.24	1.491E-5
-0.239	1.489E-5
-0.238	1.487E-5
-0.237	1.485E-5
-0.236	1.484E-5
-0.235	1.481E-5
-0.234	1.48E-5
-0.233	1.478E-5
-0.232	1.476E-5
-0.231	1.475E-5
-0.23	1.473E-5
-0.229	1.471E-5
-0.228	1.47E-5
-0.227	1.468E-5
-0.226	1.466E-5
-0.225	1.464E-5
-0.224	1.463E-5
-0.223	1.461E-5
-0.222	1.459E-5
-0.221	1.457E-5
-0.22	1.456E-5
-0.219	1.454E-5
-0.218	1.453E-5
-0.217	1.451E-5
-0.216	1.449E-5
-0.215	1.447E-5
-0.214	1.446E-5
-0.213	1.444E-5
-0.212	1.443E-5
-0.211	1.441E-5
-0.21	1.439E-5
-0.209	1.437E-5
-0.208	1.436E-5
-0.207	1.434E-5
-0.206	1.433E-5
-0.205	1.431E-5
-0.204	1.43E-5
-0.203	1.427E-5
-0.202	1.426E-5
-0.201	1.424E-5
-0.2	1.423E-5
-0.199	1.421E-5
-0.198	1.42E-5
-0.197	1.418E-5
-0.196	1.417E-5
-0.195	1.415E-5
-0.194	1.414E-5
-0.193	1.412E-5
-0.192	1.41E-5
-0.191	1.408E-5
-0.19	1.407E-5
-0.189	1.405E-5
-0.188	1.404E-5
-0.187	1.402E-5
-0.186	1.401E-5
-0.185	1.399E-5
-0.184	1.398E-5
-0.183	1.396E-5
-0.182	1.395E-5
-0.181	1.393E-5
-0.18	1.392E-5
-0.179	1.39E-5
-0.178	1.389E-5
-0.177	1.387E-5
-0.176	1.386E-5
-0.175	1.384E-5
-0.174	1.383E-5
-0.173	1.381E-5
-0.172	1.38E-5
-0.171	1.378E-5
-0.17	1.377E-5
-0.169	1.376E-5
-0.168	1.375E-5
-0.167	1.373E-5
-0.166	1.372E-5
-0.165	1.37E-5
-0.164	1.369E-5
-0.163	1.367E-5
-0.162	1.366E-5
-0.161	1.364E-5
-0.16	1.363E-5
-0.159	1.362E-5
-0.158	1.361E-5
-0.157	1.359E-5
-0.156	1.358E-5
-0.155	1.356E-5
-0.154	1.355E-5
-0.153	1.354E-5
-0.152	1.352E-5
-0.151	1.351E-5
-0.15	1.35E-5
-0.149	1.348E-5
-0.148	1.347E-5
-0.147	1.346E-5
-0.146	1.345E-5
-0.145	1.343E-5
-0.144	1.342E-5
-0.143	1.34E-5
-0.142	1.339E-5
-0.141	1.338E-5
-0.14	1.337E-5
-0.139	1.335E-5
-0.138	1.334E-5
-0.137	1.333E-5
-0.136	1.332E-5
-0.135	1.331E-5
-0.134	1.33E-5
-0.133	1.328E-5
-0.132	1.327E-5
-0.131	1.326E-5
-0.13	1.325E-5
-0.129	1.323E-5
-0.128	1.323E-5
-0.127	1.321E-5
-0.126	1.32E-5
-0.125	1.319E-5
-0.124	1.318E-5
-0.123	1.317E-5
-0.122	1.316E-5
-0.121	1.315E-5
-0.12	1.314E-5
-0.119	1.312E-5
-0.118	1.312E-5
-0.117	1.31E-5
-0.116	1.31E-5
-0.115	1.308E-5
-0.114	1.307E-5
-0.113	1.306E-5
-0.112	1.305E-5
-0.111	1.304E-5
-0.11	1.303E-5
-0.109	1.302E-5
-0.108	1.301E-5
-0.107	1.299E-5
-0.106	1.299E-5
-0.105	1.297E-5
-0.104	1.297E-5
-0.103	1.295E-5
-0.102	1.295E-5
-0.101	1.293E-5
-0.1	1.293E-5
-0.099	1.291E-5
-0.098	1.291E-5
-0.097	1.289E-5
-0.096	1.289E-5
-0.095	1.287E-5
-0.094	1.287E-5
-0.093	1.285E-5
-0.092	1.285E-5
-0.091	1.283E-5
-0.09	1.283E-5
-0.089	1.282E-5
-0.088	1.281E-5
-0.087	1.28E-5
-0.086	1.279E-5
-0.085	1.278E-5
-0.084	1.277E-5
-0.083	1.276E-5
-0.082	1.275E-5
-0.081	1.274E-5
-0.08	1.273E-5
-0.079	1.272E-5
-0.078	1.272E-5
-0.077	1.271E-5
-0.076	1.27E-5
-0.075	1.269E-5
-0.074	1.268E-5
-0.073	1.267E-5
-0.072	1.266E-5
-0.071	1.265E-5
-0.07	1.265E-5
-0.069	1.264E-5
-0.068	1.263E-5
-0.067	1.262E-5
-0.066	1.261E-5
-0.065	1.26E-5
-0.064	1.26E-5
-0.063	1.259E-5
-0.062	1.258E-5
-0.061	1.257E-5
-0.06	1.256E-5
-0.059	1.255E-5
-0.058	1.255E-5
-0.057	1.254E-5
-0.056	1.253E-5
-0.055	1.252E-5
-0.054	1.252E-5
-0.053	1.25E-5
-0.052	1.25E-5
-0.051	1.249E-5
-0.05	1.249E-5
-0.049	1.247E-5
-0.048	1.247E-5
-0.047	1.246E-5
-0.046	1.245E-5
-0.045	1.244E-5
-0.044	1.243E-5
-0.043	1.242E-5
-0.042	1.241E-5
-0.041	1.241E-5
-0.04	1.24E-5
-0.039	1.239E-5
-0.038	1.238E-5
-0.037	1.237E-5
-0.036	1.236E-5
-0.035	1.236E-5
-0.034	1.235E-5
-0.033	1.234E-5
-0.032	1.233E-5
-0.031	1.232E-5
-0.03	1.232E-5
-0.029	1.231E-5
-0.028	1.23E-5
-0.027	1.229E-5
-0.026	1.229E-5
-0.025	1.228E-5
-0.024	1.227E-5
-0.023	1.226E-5
-0.022	1.225E-5
-0.021	1.224E-5
-0.02	1.224E-5
-0.019	1.223E-5
-0.018	1.222E-5
-0.017	1.221E-5
-0.016	1.22E-5
-0.015	1.219E-5
-0.014	1.218E-5
-0.013	1.217E-5
-0.012	1.217E-5
-0.011	1.215E-5
-0.01	1.215E-5
-0.009	1.214E-5
-0.008	1.213E-5
-0.007	1.212E-5
-0.006	1.211E-5
-0.005	1.21E-5
-0.004	1.21E-5
-0.003	1.209E-5
-0.002	1.208E-5
-0.001	1.207E-5