Wavelength	S1
nm	CPS
450	1100
451	1450
452	1030
453	1260
454	970
455	980
456	1070
457	930
458	820
459	980
460	1010
461	1150
462	820
463	1000
464	1070
465	1290
466	1260
467	1070
468	870
469	900
470	1060
471	810
472	910
473	820
474	1050
475	840
476	770
477	910
478	900
479	890
480	680
481	960
482	840
483	920
484	910
485	800
486	950
487	790
488	730
489	1070
490	810
491	830
492	850
493	940
494	810
495	1030
496	960
497	1170
498	1410
499	1710
500	2150
501	2600
502	2990
503	3040
504	3560
505	4350
506	4640
507	4690
508	5100
509	5280
510	5560
511	5090
512	5240
513	4590
514	4600
515	4080
516	3110
517	2950
518	2520
519	2150
520	1960
521	1680
522	1850
523	1470
524	1550
525	1730
526	2100
527	1650
528	2460
529	2410
530	2590
531	2770
532	3130
533	3130
534	3700
535	3940
536	3950
537	4660
538	4970
539	5550
540	6140
541	6430
542	6940
543	8240
544	8620
545	10010
546	10570
547	11510
548	13250
549	13930
550	15310
551	17440
552	17910
553	20380
554	22450
555	23140
556	25660
557	27020
558	30620
559	32120
560	35750
561	37350
562	41370
563	43650
564	45690
565	49640
566	54020
567	54400
568	59280
569	64110
570	67210
571	69170
572	73730
573	77650
574	81420
575	84190
576	89790
577	92730
578	97130
579	101090
580	105420
581	106780
582	109730
583	114780
584	118240
585	120110
586	124580
587	126900
588	132040
589	133300
590	133400
591	137050
592	143060
593	140680
594	145840
595	144230
596	145520
597	148000
598	148900
599	148880
600	149940
601	152250
602	152500
603	150200
604	152720
605	152330
606	153220
607	149570
608	153310
609	151350
610	149450
611	150590
612	149320
613	148130
614	147790
615	146350
616	142960
617	142760
618	141380
619	137960
620	136870
621	136480
622	135480
623	133830
624	129070
625	126720
626	127830
627	123480
628	122070
629	122310
630	119240
631	117000
632	113620
633	113480
634	110940
635	108670
636	105830
637	105200
638	102660
639	101210
640	99710
641	96340
642	95120
643	95100
644	92520
645	90060
646	90050
647	88550
648	86710
649	84190
650	82420
651	80890
652	80640
653	77320
654	77440
655	74810
656	74000
657	71940
658	69490
659	68630
660	65540
661	64190
662	63890
663	62000
664	60440
665	58090
666	57360
667	54870
668	55160
669	52700
670	50760
671	50340
672	48440
673	47720
674	46250
675	44540
676	42210
677	41510
678	40570
679	40690
680	37510
681	37660
682	36220
683	33640
684	33400
685	32510
686	32100
687	29230
688	29180
689	28810
690	27440
691	26670
692	25210
693	24900
694	23770
695	23200
696	22110
697	21390
698	20560
699	19600
700	19720
701	18510
702	18240
703	17120
704	16330
705	15680
706	15410
707	14880
708	14800
709	14060
710	13430
711	13570
712	12590
713	12610
714	11810
715	11650
716	10910
717	10530
718	10190
719	10160
720	9150
721	8730
722	8700
723	8630
724	8240
725	7560
726	7880
727	7400
728	6750
729	6560
730	6560
731	5830
732	6130
733	6180
734	5640
735	5430
736	5140
737	4820
738	4590
739	4890
740	4740
741	4460
742	4150
743	4320
744	3710
745	4060
746	4050
747	3540
748	3390
749	3350
750	3010
