Wavelength	S1
nm	CPS
450	1180
451	1190
452	980
453	980
454	870
455	970
456	900
457	980
458	900
459	1030
460	1070
461	870
462	1120
463	980
464	1140
465	930
466	910
467	1270
468	830
469	850
470	780
471	920
472	750
473	800
474	860
475	850
476	710
477	870
478	990
479	910
480	860
481	740
482	870
483	790
484	880
485	970
486	800
487	970
488	670
489	720
490	710
491	680
492	1000
493	720
494	850
495	840
496	1220
497	1160
498	1630
499	1770
500	1880
501	1970
502	2610
503	3270
504	3670
505	4160
506	4780
507	4960
508	5440
509	5350
510	5460
511	5260
512	5500
513	5140
514	4650
515	3800
516	3540
517	2860
518	2320
519	2250
520	1790
521	1790
522	1080
523	1570
524	1270
525	1480
526	1230
527	1710
528	1530
529	1630
530	1730
531	2070
532	2100
533	2510
534	3380
535	2850
536	3110
537	3250
538	3560
539	3670
540	4390
541	5050
542	5130
543	6240
544	6230
545	6810
546	7240
547	8050
548	8900
549	9640
550	10860
551	11470
552	13010
553	13730
554	14970
555	16450
556	17590
557	19360
558	21010
559	22400
560	24090
561	25600
562	27470
563	29740
564	33160
565	33350
566	37440
567	38930
568	40270
569	43290
570	44380
571	47200
572	49390
573	53700
574	53530
575	57710
576	60440
577	62450
578	64050
579	68570
580	71510
581	72760
582	74480
583	77510
584	81740
585	81610
586	82580
587	85320
588	87520
589	87880
590	91610
591	92360
592	94980
593	94870
594	98310
595	98190
596	97370
597	98830
598	97950
599	102360
600	101100
601	101580
602	101400
603	103500
604	100460
605	100080
606	101640
607	102340
608	99980
609	102970
610	101960
611	99040
612	100640
613	99740
614	99820
615	98630
616	96340
617	95840
618	96440
619	92090
620	93760
621	92170
622	89850
623	89230
624	86950
625	84640
626	84390
627	82130
628	81940
629	79080
630	78420
631	78860
632	76440
633	74800
634	74410
635	73020
636	70490
637	69450
638	69290
639	68040
640	65940
641	65110
642	63710
643	62020
644	63610
645	61040
646	61550
647	59040
648	57580
649	56030
650	55750
651	52520
652	54110
653	54020
654	49330
655	49590
656	48790
657	49200
658	46170
659	45150
660	43630
661	43910
662	42170
663	40490
664	40910
665	39990
666	38430
667	37400
668	35690
669	36340
670	35590
671	33130
672	32850
673	32100
674	29680
675	30650
676	29280
677	27600
678	26800
679	26880
680	25210
681	24600
682	25640
683	22920
684	21700
685	21060
686	20770
687	19980
688	19730
689	19340
690	18930
691	17310
692	17380
693	16410
694	16030
695	15710
696	14520
697	13890
698	14160
699	14700
700	13300
701	13260
702	12310
703	12210
704	11370
705	11610
706	11470
707	10420
708	9830
709	9510
710	9310
711	9470
712	9400
713	8150
714	8380
715	7470
716	7880
717	6750
718	6870
719	6540
720	6540
721	6070
722	6060
723	5810
724	5930
725	5170
726	5280
727	4870
728	4730
729	4810
730	4640
731	4540
732	4060
733	4280
734	4000
735	4150
736	3680
737	3540
738	3830
739	3390
740	3280
741	3200
742	3130
743	2850
744	2650
745	2730
746	2380
747	2870
748	2440
749	2370
750	2500
