Wavelength	S1
nm	CPS
450	1540
451	1100
452	1160
453	1070
454	1160
455	1150
456	1340
457	950
458	830
459	1210
460	640
461	840
462	930
463	1020
464	1000
465	950
466	1070
467	1230
468	1000
469	870
470	940
471	890
472	920
473	960
474	830
475	1010
476	910
477	920
478	940
479	900
480	830
481	920
482	840
483	920
484	780
485	1050
486	890
487	890
488	730
489	920
490	790
491	1110
492	950
493	940
494	850
495	1040
496	1250
497	1070
498	1530
499	1770
500	1900
501	2280
502	3040
503	3210
504	3710
505	4310
506	4810
507	5380
508	5390
509	5600
510	5600
511	5360
512	5190
513	5120
514	4360
515	4110
516	3330
517	3340
518	2960
519	2460
520	2270
521	2310
522	2270
523	1890
524	2520
525	2450
526	2490
527	3060
528	3020
529	3530
530	4310
531	4180
532	4200
533	5010
534	5420
535	6220
536	7210
537	7450
538	8420
539	9110
540	10310
541	11230
542	12640
543	13820
544	15960
545	16810
546	19290
547	20190
548	22520
549	25280
550	26170
551	28930
552	31610
553	34730
554	38130
555	41700
556	44180
557	47860
558	52290
559	55550
560	60440
561	64920
562	70270
563	75390
564	78370
565	85820
566	88280
567	96320
568	100740
569	104770
570	115460
571	117470
572	122660
573	126510
574	135340
575	140410
576	143610
577	147920
578	153620
579	158020
580	164060
581	165190
582	169520
583	175070
584	180830
585	182130
586	184320
587	189870
588	191040
589	194320
590	194880
591	197460
592	198820
593	201350
594	200320
595	203540
596	203470
597	206480
598	205180
599	203730
600	202780
601	202100
602	204100
603	200840
604	197070
605	200240
606	199810
607	197000
608	199760
609	192770
610	197170
611	190950
612	193470
613	187580
614	187550
615	187600
616	184900
617	181860
618	181060
619	178430
620	175680
621	174110
622	174150
623	170420
624	166910
625	168160
626	163490
627	163200
628	157230
629	158960
630	155900
631	151480
632	148540
633	147350
634	144660
635	144580
636	140320
637	137750
638	136540
639	135520
640	133260
641	133270
642	129160
643	130260
644	127370
645	126360
646	124180
647	123170
648	118580
649	120660
650	117270
651	117760
652	112430
653	113120
654	109750
655	110210
656	105520
657	106390
658	102930
659	97690
660	98060
661	95810
662	95340
663	93530
664	90770
665	88690
666	88070
667	84210
668	80860
669	79780
670	79220
671	75870
672	74690
673	71140
674	70790
675	68880
676	67280
677	63590
678	62420
679	60420
680	58950
681	56880
682	57080
683	55260
684	53090
685	52200
686	50140
687	47900
688	46850
689	45790
690	44780
691	41880
692	41640
693	37960
694	37240
695	37770
696	35460
697	34870
698	34510
699	32770
700	31280
701	31030
702	29340
703	28500
704	27950
705	26440
706	25470
707	24980
708	23450
709	22490
710	22780
711	21000
712	19850
713	19560
714	19230
715	18520
716	17730
717	17230
718	17270
719	15430
720	15250
721	14730
722	14790
723	14160
724	13400
725	13090
726	12300
727	12420
728	11580
729	10900
730	10140
731	10020
732	9770
733	9880
734	9000
735	8800
736	8410
737	8500
738	7950
739	7400
740	7740
741	6850
742	7000
743	6530
744	6810
745	6150
746	6170
747	5540
748	5350
749	5680
750	5300
